1461 0
1 -1 -2 
4 0 1 -2 
5 1 1 -2 
6 0 0 0 1 -2 
6 0 1 1 -2 
6 1 1 1 -2 
6 1 0 1 -2 
6 1 0 0 1 -2 
6 1 1 0 1 -2 
7 1 0 0 0 1 -2 
7 0 1 0 1 -2 
7 1 0 1 1 -2 
7 0 0 0 0 1 -2 
7 1 1 0 0 1 -2 
7 1 1 1 1 -2 
7 1 1 0 1 1 -2 
8 0 0 1 1 -2 
8 0 1 0 0 1 -2 
8 0 1 1 1 -2 
8 1 1 0 0 0 0 1 -2 
8 1 0 0 1 1 -2 
8 0 0 0 1 1 -2 
8 0 0 0 0 0 0 1 -2 
8 1 0 0 0 0 0 1 -2 
8 1 1 0 0 0 1 -2 
8 1 1 1 0 1 -2 
8 1 0 0 0 0 1 -2 
8 1 1 1 0 0 0 1 -2 
8 0 1 0 0 0 0 0 1 -2 
8 1 1 1 0 0 1 -2 
8 1 0 1 0 1 -2 
8 0 1 0 0 0 0 1 -2 
9 0 1 1 0 1 -2 
9 0 1 0 1 1 -2 
9 0 1 0 0 0 1 -2 
9 1 0 1 1 0 1 -2 
9 1 0 1 1 1 -2 
9 1 0 1 0 0 1 -2 
9 1 1 0 0 0 0 0 1 -2 
9 1 1 1 1 1 -2 
9 1 0 0 0 1 1 -2 
9 1 1 0 0 1 1 -2 
9 1 0 1 0 0 0 1 -2 
9 1 1 1 0 1 1 -2 
9 0 0 1 0 1 -2 
9 1 1 1 1 0 1 -2 
9 1 1 1 0 0 0 0 1 -2 
9 0 1 1 0 0 0 1 -2 
9 1 0 0 1 0 1 -2 
9 1 1 0 1 0 0 1 -2 
9 1 1 0 1 0 1 -2 
9 1 1 1 1 0 0 1 -2 
9 1 0 0 0 0 0 0 1 -2 
9 0 1 1 0 0 1 -2 
9 1 1 0 1 0 0 0 1 -2 
9 1 1 1 1 0 0 0 1 -2 
9 1 1 0 0 0 1 1 -2 
9 1 0 0 1 0 0 1 -2 
9 1 0 1 1 0 0 1 -2 
9 1 1 1 1 0 1 1 -2 
9 0 1 0 0 1 1 -2 
9 0 0 1 0 0 1 -2 
9 0 0 1 1 1 -2 
9 0 1 1 0 0 0 0 1 -2 
9 0 1 1 1 1 -2 
9 0 1 1 0 1 1 -2 
10 1 0 1 0 0 0 0 1 -2 
10 1 1 0 1 1 1 -2 
10 1 0 0 0 0 1 1 -2 
10 1 1 0 1 1 0 1 -2 
10 1 0 1 0 1 1 -2 
10 0 0 0 1 0 1 -2 
10 1 1 1 0 0 1 1 -2 
10 0 0 1 0 0 0 1 -2 
10 0 1 0 1 0 0 1 -2 
10 0 0 0 1 0 0 1 -2 
10 0 1 1 1 0 0 1 -2 
10 0 1 1 1 0 1 -2 
10 0 0 1 1 0 1 -2 
10 0 1 0 1 0 0 0 1 -2 
10 0 1 0 1 0 1 -2 
10 1 0 0 1 0 0 0 1 -2 
10 1 0 1 0 0 1 1 -2 
10 0 1 1 1 0 0 0 1 -2 
10 1 0 0 1 1 1 -2 
10 1 1 0 0 1 0 1 -2 
10 1 0 1 1 0 0 0 1 -2 
10 1 1 0 0 0 0 1 1 -2 
10 1 0 1 1 1 1 -2 
10 1 1 1 1 1 1 -2 
10 1 0 1 1 0 1 1 -2 
10 1 1 1 0 0 0 1 1 -2 
10 1 1 1 1 1 0 1 1 -2 
10 0 0 1 1 0 0 1 -2 
10 1 1 1 1 1 0 1 -2 
10 0 0 1 0 0 0 0 1 -2 
10 0 0 1 0 1 1 -2 
10 1 1 1 1 0 0 1 1 -2 
10 0 0 0 1 0 0 0 1 -2 
10 1 0 0 0 1 0 1 -2 
10 1 1 1 0 1 0 1 -2 
10 1 0 0 1 1 0 1 -2 
10 0 1 0 0 0 1 1 -2 
10 0 1 1 0 0 0 0 0 1 -2 
10 0 1 0 0 0 0 0 0 1 -2 
10 0 1 1 0 0 1 1 -2 
10 0 0 1 0 0 1 1 -2 
10 0 0 1 1 0 0 0 1 -2 
10 0 1 0 0 1 0 1 -2 
10 1 1 0 0 1 0 0 1 -2 
10 0 0 0 0 1 0 1 -2 
10 1 1 0 1 0 0 1 1 -2 
10 0 1 0 1 1 1 -2 
10 1 1 0 1 0 1 1 -2 
11 0 1 0 0 0 0 1 1 -2 
11 0 1 1 1 0 1 1 -2 
11 1 1 1 0 0 0 0 0 1 -2 
11 1 0 0 1 0 1 1 -2 
11 1 1 0 1 1 0 0 1 -2 
11 1 1 1 1 1 0 0 1 -2 
11 1 0 0 0 0 0 1 1 -2 
11 1 0 1 0 1 0 1 -2 
11 1 0 0 0 1 0 0 1 -2 
11 0 1 0 1 1 0 1 -2 
11 1 0 1 0 0 0 1 1 -2 
11 1 1 1 0 1 1 1 -2 
11 0 1 1 0 0 0 1 1 -2 
11 1 1 1 0 1 0 0 1 -2 
11 1 0 0 1 1 0 0 1 -2 
11 0 0 1 1 0 1 1 -2 
11 1 1 0 0 0 0 0 0 1 -2 
11 1 1 0 0 1 1 1 -2 
11 1 0 1 1 1 0 1 -2 
11 1 1 0 1 1 0 1 1 -2 
11 1 0 1 0 1 0 0 1 -2 
11 0 1 0 0 1 0 0 1 -2 
11 1 0 0 1 0 0 1 1 -2 
11 0 1 1 1 1 1 -2 
11 0 1 1 0 1 0 1 -2 
11 0 0 1 0 0 0 0 0 1 -2 
11 1 0 1 1 1 0 0 1 -2 
11 0 1 1 1 1 0 1 -2 
11 0 0 1 0 0 0 1 1 -2 
11 1 0 1 1 0 0 1 1 -2 
11 1 1 0 1 1 0 0 0 1 -2 
11 0 0 0 1 1 0 1 -2 
11 0 0 0 0 1 0 0 1 -2 
11 1 1 0 0 1 0 0 0 1 -2 
11 0 1 1 1 0 0 1 1 -2 
11 0 1 1 0 1 1 1 -2 
11 0 1 0 1 0 0 1 1 -2 
11 1 1 0 1 0 0 0 0 1 -2 
11 1 0 1 0 0 0 0 0 1 -2 
11 0 0 1 1 1 1 -2 
11 1 1 1 1 0 0 0 0 1 -2 
11 0 0 1 1 0 0 1 1 -2 
11 0 0 1 0 1 0 1 -2 
11 0 1 0 1 1 0 0 1 -2 
11 0 1 0 1 0 1 1 -2 
11 0 1 1 1 0 0 0 0 1 -2 
11 1 1 1 1 1 1 1 -2 
11 1 0 1 1 0 0 0 0 1 -2 
12 0 0 0 1 0 0 0 0 0 0 0 1 -2 
12 0 0 0 1 0 0 1 1 -2 
12 1 1 0 1 1 1 1 -2 
12 1 0 0 0 1 1 1 -2 
12 1 0 1 0 1 1 1 -2 
12 0 0 0 1 0 1 1 -2 
12 0 1 0 1 0 0 0 0 1 -2 
12 1 0 0 1 0 0 0 0 1 -2 
12 1 1 1 0 1 0 0 0 1 -2 
12 0 0 1 1 1 0 1 -2 
12 0 0 0 1 1 0 0 1 -2 
12 1 1 1 1 0 1 1 1 -2 
12 0 1 1 1 1 0 0 1 -2 
12 1 1 1 0 0 0 0 0 0 1 -2 
12 0 1 0 1 1 0 1 1 -2 
12 1 1 1 1 1 0 0 0 1 -2 
12 1 0 0 1 1 0 1 1 -2 
12 1 1 0 0 1 0 1 1 -2 
12 1 1 0 1 0 1 0 1 -2 
12 1 1 1 0 0 1 1 1 -2 
12 0 1 0 0 1 0 0 0 1 -2 
12 1 0 0 0 1 0 0 0 1 -2 
12 1 1 1 1 0 0 0 1 1 -2 
12 1 1 1 0 0 1 0 1 -2 
12 1 1 1 1 0 0 0 0 0 1 -2 
12 1 0 0 1 1 1 1 -2 
12 1 0 1 1 1 0 1 1 -2 
12 0 0 1 0 1 0 0 1 -2 
12 1 1 0 0 0 1 0 1 -2 
12 1 1 0 0 0 1 1 1 -2 
12 0 1 1 0 0 0 0 0 0 1 -2 
12 1 0 0 1 1 0 0 0 1 -2 
12 1 1 1 1 1 0 0 0 0 1 -2 
12 1 1 0 0 0 0 0 1 1 -2 
12 0 1 0 0 0 0 0 1 1 -2 
12 1 1 0 0 1 0 0 0 0 1 -2 
12 1 1 1 0 0 0 0 1 1 -2 
12 1 1 1 0 1 1 0 0 0 1 -2 
12 0 1 0 0 1 1 1 -2 
12 1 1 1 0 1 1 0 0 1 -2 
12 1 1 0 0 1 1 0 0 1 -2 
12 1 1 1 0 0 1 0 0 0 1 -2 
12 1 0 1 1 1 1 1 -2 
12 0 1 1 0 1 0 0 1 -2 
12 0 1 0 1 1 0 0 0 1 -2 
12 0 0 1 1 0 0 0 1 1 -2 
12 0 1 1 1 1 0 1 1 -2 
12 1 0 1 1 0 0 0 0 0 0 1 -2 
12 0 0 1 1 1 0 0 1 -2 
12 1 0 1 0 1 0 0 0 1 -2 
12 1 1 0 0 0 1 0 0 1 -2 
12 0 0 1 1 0 0 0 0 1 -2 
12 0 0 0 1 1 0 0 0 1 -2 
12 1 1 1 1 0 1 0 1 -2 
12 1 1 1 0 1 0 0 0 0 1 -2 
12 1 1 0 0 1 1 0 1 -2 
12 0 1 1 0 1 0 0 0 1 -2 
12 1 0 1 0 0 0 0 0 0 1 -2 
12 0 0 1 0 1 1 1 -2 
12 1 0 0 0 0 1 1 1 -2 
13 1 1 1 0 1 0 1 1 -2 
13 0 1 1 1 0 0 0 0 0 1 -2 
13 0 1 0 0 0 0 0 0 0 0 1 -2 
13 1 1 1 1 0 1 0 0 0 1 -2 
13 1 0 1 0 1 0 0 0 0 1 -2 
13 1 0 1 1 0 0 0 1 1 -2 
13 0 1 0 1 0 0 0 0 0 1 -2 
13 1 1 0 1 1 0 0 0 0 1 -2 
13 1 1 1 0 1 1 0 1 -2 
13 1 1 0 1 0 0 0 1 1 -2 
13 1 0 1 1 1 0 0 0 1 -2 
13 0 1 0 0 0 1 0 1 -2 
13 1 1 0 1 1 1 0 1 -2 
13 0 1 1 1 0 1 0 1 -2 
13 1 1 1 0 0 1 0 0 1 -2 
13 0 0 1 1 1 0 1 1 -2 
13 1 0 1 1 0 0 0 0 0 0 0 1 -2 
13 0 1 1 0 0 0 0 1 1 -2 
13 1 1 0 1 0 0 0 0 0 1 -2 
13 1 0 0 0 1 0 1 1 -2 
13 0 0 1 1 1 1 1 -2 
13 0 1 0 0 1 1 0 0 0 1 -2 
13 1 0 1 1 0 1 0 1 -2 
13 1 0 1 1 1 0 0 0 0 1 -2 
13 0 1 1 1 0 0 0 1 1 -2 
13 0 1 1 0 0 1 0 1 -2 
13 0 1 0 0 1 0 1 1 -2 
13 1 0 1 0 0 1 0 1 -2 
13 0 1 0 1 1 1 1 -2 
13 0 1 1 1 1 1 1 -2 
13 1 0 0 1 0 0 0 0 0 0 0 1 -2 
13 1 0 0 1 0 0 0 1 1 -2 
13 0 1 0 1 0 1 1 1 -2 
13 1 1 1 1 1 0 0 0 0 0 1 -2 
13 0 1 1 0 1 1 0 0 0 1 -2 
13 0 1 1 0 1 0 0 0 0 1 -2 
13 1 1 1 0 0 0 1 0 0 1 -2 
13 1 1 0 1 0 1 1 1 -2 
13 1 0 1 0 1 0 1 1 -2 
13 1 1 0 0 1 1 0 0 0 1 -2 
13 0 1 0 1 0 1 0 1 -2 
13 0 1 1 1 0 0 0 0 0 0 1 -2 
13 0 1 1 0 0 1 1 1 -2 
13 1 1 1 0 0 0 0 0 0 0 1 -2 
13 1 0 0 0 0 1 0 1 -2 
13 0 0 0 0 1 0 1 1 -2 
13 0 0 1 0 0 0 0 0 0 1 -2 
13 1 0 1 0 1 1 0 0 0 1 -2 
13 1 1 1 0 1 0 0 1 1 -2 
13 1 0 1 1 1 0 0 0 0 0 0 1 -2 
13 0 1 1 1 0 1 1 1 -2 
13 0 1 1 0 0 1 0 0 0 1 -2 
13 1 1 1 1 0 0 0 0 0 0 1 -2 
13 0 0 1 0 0 1 0 0 0 1 -2 
13 1 0 1 0 0 1 1 1 -2 
13 1 1 0 0 0 1 0 0 0 1 -2 
13 1 0 1 0 0 0 0 0 0 0 1 -2 
13 1 1 0 0 0 0 0 0 0 0 1 -2 
13 0 0 1 0 0 0 0 0 0 0 1 -2 
13 1 1 1 1 1 0 0 1 1 -2 
13 1 0 1 0 1 1 0 1 -2 
13 1 0 1 1 0 0 0 0 0 1 -2 
13 1 0 0 0 1 1 0 1 -2 
13 1 0 1 1 1 0 0 1 1 -2 
13 1 0 1 0 0 1 0 0 0 1 -2 
13 0 1 0 1 0 0 0 1 1 -2 
13 1 1 1 1 0 0 0 0 0 0 0 1 -2 
13 0 0 1 0 1 0 0 0 0 1 -2 
13 0 1 1 0 0 0 1 0 1 -2 
13 0 0 1 1 1 0 0 0 1 -2 
13 0 0 0 1 0 0 0 1 1 -2 
13 1 1 0 1 1 0 0 1 1 -2 
13 1 0 1 1 0 1 0 0 0 1 -2 
13 0 1 1 0 1 0 1 1 -2 
13 0 0 1 0 1 0 1 1 -2 
13 1 0 0 1 0 1 1 1 -2 
13 0 0 1 1 0 0 0 0 0 0 0 1 -2 
13 1 1 0 0 0 0 1 0 1 -2 
13 0 0 0 1 1 0 1 1 -2 
13 1 1 1 1 0 1 1 0 0 0 1 -2 
13 1 1 1 0 0 1 1 0 0 1 -2 
13 1 0 1 1 1 1 0 0 0 1 -2 
13 1 1 0 1 0 1 0 0 1 -2 
13 1 1 0 1 1 1 0 0 1 -2 
13 1 1 1 1 1 1 0 1 -2 
13 0 1 0 0 1 0 0 0 0 1 -2 
13 1 1 0 0 0 1 1 0 1 -2 
13 1 1 0 1 0 0 0 0 0 0 1 -2 
13 1 1 1 0 0 0 1 0 1 -2 
13 0 0 1 0 1 0 0 0 1 -2 
13 1 0 1 0 0 0 0 1 1 -2 
13 0 1 1 0 0 0 0 0 0 0 1 -2 
13 1 0 0 0 0 1 0 0 1 -2 
13 1 1 1 1 0 1 0 0 0 0 1 -2 
13 1 1 1 1 1 1 0 0 1 -2 
13 1 1 0 0 1 0 0 1 1 -2 
13 0 1 1 1 1 0 0 0 1 -2 
13 1 0 0 0 1 0 0 0 0 1 -2 
13 0 1 1 1 0 1 0 0 1 -2 
13 1 1 1 1 1 0 0 0 1 1 -2 
13 1 0 1 1 0 1 1 1 -2 
13 1 0 0 1 1 0 0 1 1 -2 
13 0 0 1 0 1 1 0 0 1 -2 
13 1 1 0 1 0 0 0 0 0 0 0 1 -2 
13 1 0 0 1 1 1 0 1 -2 
13 0 1 0 1 0 0 0 0 0 0 1 -2 
13 1 0 0 1 0 1 0 1 -2 
13 1 0 0 0 0 1 0 0 0 0 1 -2 
13 0 0 1 1 0 0 0 0 0 1 -2 
13 0 0 1 0 0 0 0 1 1 -2 
14 0 1 1 1 0 0 1 0 0 0 1 -2 
14 1 1 0 1 0 1 0 0 0 0 1 -2 
14 1 1 1 0 1 1 0 0 0 0 1 -2 
14 1 1 1 1 1 1 0 0 0 0 1 -2 
14 0 1 1 1 0 0 1 0 1 -2 
14 1 1 1 0 0 1 0 0 0 0 1 -2 
14 1 0 1 0 0 1 0 0 0 0 1 -2 
14 1 0 0 1 0 1 0 0 0 0 1 -2 
14 0 1 1 1 1 1 0 0 0 1 -2 
14 1 1 1 1 1 1 0 0 0 1 -2 
14 1 1 1 1 0 0 0 0 1 1 -2 
14 1 0 0 1 1 0 0 0 0 0 0 1 -2 
14 0 1 1 1 1 0 0 0 0 0 1 -2 
14 0 1 0 1 1 0 0 0 0 1 -2 
14 0 1 1 0 0 0 1 0 0 1 -2 
14 1 1 0 0 1 0 0 0 0 0 1 -2 
14 1 0 0 1 0 0 0 0 0 0 1 -2 
14 1 1 1 0 0 0 0 0 0 0 0 1 -2 
14 0 0 1 0 0 1 0 1 -2 
14 1 0 0 0 0 1 0 0 0 1 -2 
14 1 1 0 1 0 0 1 0 0 0 0 1 -2 
14 0 1 0 1 0 0 1 0 0 0 1 -2 
14 1 1 1 0 0 1 1 0 0 0 1 -2 
14 1 1 0 1 1 1 0 0 0 0 1 -2 
14 0 1 1 1 0 1 0 0 0 0 1 -2 
14 1 1 1 1 0 0 1 1 1 -2 
14 1 1 0 1 0 0 1 0 1 -2 
14 1 1 1 1 0 1 0 0 1 -2 
14 1 1 1 1 0 0 1 0 1 -2 
14 1 1 0 1 1 1 0 0 0 1 -2 
14 0 1 0 1 0 1 0 0 0 1 -2 
14 1 0 1 1 1 0 0 0 0 0 1 -2 
14 1 1 1 0 0 0 1 0 0 0 1 -2 
14 0 1 0 0 1 1 0 1 -2 
14 1 1 0 0 0 1 0 0 0 0 1 -2 
14 0 1 0 0 0 1 0 0 0 1 -2 
14 1 0 0 0 1 1 0 0 0 1 -2 
14 0 1 0 0 0 0 1 1 1 -2 
14 1 0 0 0 1 0 0 0 0 0 0 1 -2 
14 0 1 0 0 0 1 1 1 -2 
14 0 0 0 0 1 1 0 0 1 -2 
14 0 0 1 0 0 0 0 0 0 0 0 1 -2 
14 1 0 1 1 0 1 1 0 0 0 1 -2 
14 1 1 0 1 1 0 1 0 1 -2 
14 0 1 1 0 1 0 1 1 1 -2 
14 1 1 1 0 0 1 1 0 1 -2 
14 0 1 1 0 1 1 0 0 1 -2 
14 0 1 0 1 1 1 0 0 0 1 -2 
14 0 1 1 0 0 1 0 0 0 0 1 -2 
14 0 1 0 0 1 1 0 0 1 -2 
14 1 1 1 0 1 0 0 0 0 0 1 -2 
14 1 0 1 0 0 0 1 0 0 0 1 -2 
14 0 1 1 0 0 1 0 0 1 -2 
14 1 1 1 1 1 1 1 1 -2 
14 1 0 1 0 0 1 0 0 1 -2 
14 0 0 1 1 1 0 0 0 0 1 -2 
14 0 1 0 0 0 1 0 0 0 0 1 -2 
14 0 0 1 1 0 1 0 1 -2 
14 0 0 1 1 0 0 0 0 0 0 1 -2 
14 1 0 1 0 0 0 0 0 0 0 0 1 -2 
14 0 0 0 1 0 0 0 0 0 0 0 0 1 -2 
14 0 0 0 0 0 0 1 0 0 0 0 0 0 0 0 0 0 0 0 0 0 0 0 0 0 0 0 0 0 0 0 0 1 -2 
14 1 1 1 0 1 1 1 0 0 1 -2 
14 1 1 1 1 0 0 1 0 0 0 0 1 -2 
14 1 1 1 0 1 0 1 0 0 1 -2 
14 1 0 1 0 1 1 0 0 0 0 1 -2 
14 0 1 0 1 0 1 0 0 0 0 1 -2 
14 1 0 1 1 0 0 1 0 1 -2 
14 1 0 1 1 0 1 0 0 1 -2 
14 0 1 1 1 1 1 0 1 -2 
14 1 0 1 1 1 1 0 1 -2 
14 0 1 0 0 1 0 0 1 1 -2 
14 0 1 0 1 1 1 0 1 -2 
14 0 1 1 0 1 1 0 1 -2 
14 0 0 1 1 1 0 0 0 0 0 1 -2 
14 1 0 0 1 1 1 1 1 -2 
14 0 0 1 1 0 1 1 1 -2 
14 0 1 0 0 0 1 0 0 1 -2 
14 1 1 1 0 0 0 0 0 1 1 -2 
14 0 0 0 1 1 0 0 0 0 0 0 0 1 -2 
14 0 1 1 0 0 0 0 0 1 1 -2 
14 1 0 0 1 0 0 0 0 0 1 -2 
14 1 1 0 0 0 0 0 0 0 0 0 1 -2 
14 0 0 0 1 0 1 1 1 -2 
14 1 1 0 1 0 1 1 0 0 0 1 -2 
14 1 1 1 1 1 1 1 0 0 0 1 -2 
14 1 1 1 1 1 0 0 0 0 1 1 -2 
14 0 1 1 0 0 1 1 0 0 1 -2 
14 1 1 1 0 1 0 1 0 1 -2 
14 1 0 1 0 0 1 1 0 0 1 -2 
14 0 1 1 0 0 1 1 0 0 0 1 -2 
14 1 0 1 1 1 0 1 0 1 -2 
14 1 1 1 1 1 0 1 0 1 -2 
14 1 1 1 1 0 0 1 0 0 0 1 -2 
14 1 1 1 0 0 0 1 0 0 0 0 1 -2 
14 0 1 1 1 0 1 0 0 0 1 -2 
14 0 1 1 0 1 0 0 1 1 -2 
14 1 0 1 1 0 0 0 0 0 0 1 1 -2 
14 1 1 0 0 1 1 1 0 1 -2 
14 1 0 0 1 0 0 0 0 0 0 0 0 0 1 -2 
14 1 1 1 0 1 1 1 1 -2 
14 0 0 0 0 0 0 1 0 0 0 0 0 0 0 0 0 1 -2 
14 1 0 0 1 0 1 0 0 0 1 -2 
14 1 1 1 1 0 0 0 0 0 0 0 0 1 -2 
14 0 1 1 0 0 0 0 0 0 0 0 0 1 -2 
14 0 0 1 1 0 0 0 0 0 0 0 0 1 -2 
14 0 0 1 0 0 1 0 0 1 -2 
14 0 0 1 0 0 0 1 1 1 -2 
14 0 1 0 0 0 0 1 0 1 -2 
14 1 0 0 0 1 1 0 0 1 -2 
14 0 0 0 1 0 1 0 0 1 -2 
14 1 0 0 0 1 0 0 1 1 -2 
14 0 0 1 0 0 0 1 0 1 -2 
14 0 0 1 0 0 1 1 1 -2 
14 1 0 0 0 1 0 0 0 0 0 1 -2 
14 1 1 0 0 0 0 0 0 0 0 0 0 1 -2 
14 0 1 1 1 1 0 1 0 0 0 0 1 -2 
14 1 0 1 1 0 1 0 0 0 0 0 0 0 1 -2 
14 1 1 1 0 1 1 0 1 1 -2 
14 1 1 1 1 0 1 1 0 1 -2 
14 1 1 0 1 0 0 1 0 0 1 -2 
14 1 1 1 1 0 0 1 0 0 1 -2 
14 1 1 0 1 0 1 0 1 1 -2 
14 1 1 1 1 0 1 0 0 0 0 0 1 -2 
14 0 1 1 0 1 0 1 0 1 -2 
14 0 1 1 1 1 1 0 0 0 0 1 -2 
14 1 1 0 0 1 1 1 0 0 1 -2 
14 1 0 1 0 1 0 1 0 1 -2 
14 1 0 1 0 1 1 0 0 1 -2 
14 0 0 1 0 1 0 1 0 1 -2 
14 1 1 0 1 1 0 0 0 1 1 -2 
14 1 1 0 0 1 1 0 0 0 0 1 -2 
14 0 1 0 1 0 1 0 0 1 -2 
14 0 1 1 1 1 0 0 1 1 -2 
14 1 1 0 0 1 0 1 0 1 -2 
14 1 1 0 1 0 1 0 0 0 1 -2 
14 1 0 1 0 1 0 0 1 1 -2 
14 0 1 0 1 1 0 0 1 1 -2 
14 0 1 1 1 1 0 0 0 0 1 -2 
14 1 1 0 0 0 0 1 0 0 0 0 1 -2 
14 0 0 1 0 0 1 0 0 0 0 1 -2 
14 1 0 1 0 1 0 0 0 0 0 1 -2 
14 0 1 1 0 0 0 1 0 0 0 1 -2 
14 1 1 1 0 0 0 0 1 0 1 -2 
14 0 1 1 0 1 0 0 0 0 0 1 -2 
14 1 0 0 0 1 0 0 0 0 0 0 0 0 0 1 -2 
14 0 0 1 1 0 0 1 0 1 -2 
14 1 0 0 1 1 1 0 0 0 1 -2 
14 1 0 1 0 0 0 1 0 1 -2 
14 1 0 0 1 1 0 0 0 0 0 1 -2 
14 1 1 1 0 0 0 1 1 1 -2 
14 1 0 1 0 0 0 0 0 0 0 0 0 1 -2 
14 1 0 0 0 1 1 0 0 0 0 1 -2 
14 0 1 0 0 0 0 1 0 0 1 -2 
14 0 0 0 0 0 0 0 0 0 0 0 0 0 0 0 0 0 1 -2 
14 1 0 0 0 1 0 0 0 0 0 0 0 1 -2 
14 0 1 1 0 0 0 0 0 0 0 0 1 -2 
14 1 1 1 1 0 1 0 1 0 0 1 -2 
14 1 1 1 0 1 0 1 0 0 0 0 1 -2 
14 1 0 1 0 1 1 1 0 0 1 -2 
14 1 0 1 1 1 0 0 0 0 0 0 0 0 1 -2 
14 1 0 1 0 1 0 0 0 0 0 1 1 -2 
14 1 1 1 1 1 0 1 1 1 -2 
14 1 0 1 1 0 0 1 0 0 1 -2 
14 1 1 0 1 0 0 1 0 0 0 1 -2 
14 1 1 1 0 1 1 1 0 1 -2 
14 1 0 0 1 0 1 1 0 0 0 1 -2 
14 1 1 1 1 0 0 0 1 0 0 0 1 -2 
14 0 1 1 0 1 1 0 0 0 0 1 -2 
14 1 0 1 0 0 1 1 0 0 0 1 -2 
14 1 0 1 1 0 0 1 0 0 0 1 -2 
14 0 0 1 0 0 1 1 0 0 1 -2 
14 0 0 1 1 1 0 1 0 1 -2 
14 0 1 0 1 0 0 1 0 1 -2 
14 0 0 1 1 0 1 0 0 0 0 1 -2 
14 0 1 1 1 1 0 0 0 1 1 -2 
14 0 0 1 0 1 1 0 0 0 0 1 -2 
14 1 0 0 1 0 0 1 0 0 0 1 -2 
14 0 0 1 1 0 1 0 0 0 1 -2 
14 0 0 1 1 0 1 0 0 1 -2 
14 1 0 0 1 1 0 0 0 0 0 0 0 1 -2 
14 0 0 1 1 1 0 0 0 0 0 0 1 -2 
14 0 1 0 1 1 0 0 0 0 0 1 -2 
14 0 0 1 1 1 0 0 0 0 0 0 0 1 -2 
14 0 0 1 1 1 1 0 0 0 1 -2 
14 1 0 0 1 0 0 1 0 1 -2 
14 1 1 0 1 1 1 1 1 -2 
14 1 1 0 0 0 1 0 0 1 1 -2 
14 0 1 0 0 0 1 1 0 0 1 -2 
14 0 0 1 0 1 0 0 0 0 0 1 -2 
14 1 0 0 0 0 1 1 0 0 0 1 -2 
14 0 1 0 0 1 0 0 0 0 0 1 -2 
14 1 1 0 0 1 1 1 1 -2 
14 0 0 0 1 0 1 0 0 0 0 1 -2 
14 0 1 0 1 0 0 0 0 0 0 0 1 -2 
14 0 0 1 0 0 0 1 0 0 1 -2 
14 1 0 1 0 0 0 0 0 1 1 -2 
14 1 1 0 0 0 0 1 1 1 -2 
15 0 0 1 0 0 1 1 0 0 0 0 0 0 0 0 0 0 1 -2 
15 0 1 1 0 1 0 1 0 0 0 0 1 -2 
15 1 1 0 1 1 0 1 0 0 0 0 0 1 -2 
15 1 0 1 1 0 0 1 1 0 0 0 1 -2 
15 1 1 1 1 0 0 1 1 0 0 1 -2 
15 1 1 0 1 0 0 1 1 0 0 1 -2 
15 1 1 1 1 1 0 1 0 0 0 0 1 -2 
15 1 1 1 1 0 1 1 0 0 1 -2 
15 1 1 1 1 1 0 1 0 0 0 1 -2 
15 1 1 1 0 1 1 0 0 0 1 1 -2 
15 1 0 0 0 0 0 0 0 0 0 0 0 0 0 0 0 0 0 0 0 0 0 0 1 -2 
15 1 1 1 0 0 1 1 0 0 0 0 1 -2 
15 1 1 1 1 1 0 0 1 0 1 -2 
15 0 1 1 1 1 0 1 1 1 -2 
15 0 1 0 1 1 0 1 0 1 -2 
15 1 1 0 0 1 0 1 0 0 1 -2 
15 1 0 1 1 1 1 0 0 0 0 1 -2 
15 1 1 1 1 0 1 1 1 1 -2 
15 1 0 0 1 0 0 1 0 0 0 0 1 -2 
15 1 1 0 0 1 0 1 0 0 0 1 -2 
15 0 1 0 1 0 0 1 0 0 1 -2 
15 0 1 1 1 0 0 0 1 0 1 -2 
15 1 1 0 0 0 1 1 0 0 0 0 1 -2 
15 0 0 0 0 0 0 0 0 0 0 0 0 0 0 0 0 0 0 0 0 0 0 0 1 -2 
15 1 0 1 0 1 0 0 0 1 1 -2 
15 0 1 1 1 1 0 0 0 0 0 0 0 1 -2 
15 1 1 1 0 1 0 0 0 0 0 0 1 -2 
15 0 0 1 1 0 0 1 0 0 0 1 -2 
15 1 1 0 1 0 0 0 1 0 1 -2 
15 1 0 0 1 1 0 1 0 1 -2 
15 0 1 0 1 1 1 0 0 1 -2 
15 0 1 0 1 1 0 0 0 1 1 -2 
15 0 0 0 0 1 1 0 0 0 0 0 0 0 0 0 1 -2 
15 0 1 1 1 1 0 0 0 0 0 0 1 -2 
15 0 1 0 1 1 1 1 1 -2 
15 1 1 0 0 1 0 0 0 1 1 -2 
15 1 0 0 1 0 0 1 1 1 -2 
15 1 1 0 0 1 0 0 0 0 0 0 1 -2 
15 1 0 0 1 1 1 0 0 1 -2 
15 1 0 0 1 0 1 0 0 1 -2 
15 0 0 1 0 1 0 0 0 0 0 0 1 -2 
15 1 1 0 0 0 1 0 0 0 0 0 0 1 -2 
15 1 1 0 0 0 1 1 0 0 1 -2 
15 1 0 0 0 1 1 0 0 0 0 0 0 1 -2 
15 0 0 1 0 1 0 0 0 1 1 -2 
15 0 1 0 0 0 1 1 0 1 -2 
15 1 1 1 0 0 0 0 0 0 0 0 0 1 -2 
15 0 1 0 0 0 0 1 0 0 0 1 -2 
15 0 0 1 0 0 0 0 1 0 1 -2 
15 1 0 0 1 1 0 0 0 0 1 -2 
15 1 0 0 0 1 0 1 0 1 -2 
15 1 0 1 0 0 0 0 0 0 1 1 -2 
15 1 0 0 1 0 0 0 0 0 0 0 0 1 -2 
15 0 1 1 0 0 0 0 0 0 1 1 -2 
15 1 0 0 1 0 0 0 0 1 1 -2 
15 1 0 1 0 0 0 1 1 1 -2 
15 1 0 0 0 1 0 0 0 0 0 0 0 0 1 -2 
15 1 1 0 0 0 0 1 0 0 0 1 -2 
15 0 1 1 0 0 0 1 1 1 -2 
15 0 0 0 0 1 0 1 0 1 -2 
15 0 1 0 0 0 0 0 1 0 0 0 0 0 0 0 0 0 0 0 0 0 0 0 0 0 0 0 0 0 0 0 0 0 1 -2 
15 0 0 0 1 1 0 0 0 0 0 0 0 0 1 0 0 0 0 0 0 0 0 0 0 0 0 1 -2 
15 0 0 0 1 0 0 0 0 0 0 0 0 0 0 0 0 0 0 0 0 0 0 0 0 1 -2 
15 1 1 1 1 0 1 0 1 0 1 -2 
15 1 0 1 1 0 1 1 0 0 0 0 0 1 -2 
15 1 1 0 0 1 1 1 0 0 0 0 1 -2 
15 0 1 1 1 0 1 1 0 0 1 -2 
15 1 1 1 1 0 1 0 0 0 1 1 -2 
15 0 1 1 0 1 1 1 0 0 1 -2 
15 1 1 1 0 1 1 0 0 1 1 -2 
15 1 1 1 1 1 1 0 0 1 1 -2 
15 1 0 1 1 1 1 1 0 0 0 1 -2 
15 1 0 1 1 1 1 0 0 0 0 0 0 1 -2 
15 1 1 0 0 0 1 0 0 0 0 0 0 0 0 0 0 1 -2 
15 1 1 1 1 1 1 0 0 0 0 0 1 -2 
15 0 0 1 1 0 1 1 0 0 0 1 -2 
15 1 1 0 1 1 1 0 1 1 -2 
15 1 1 1 1 0 1 0 1 1 -2 
15 1 0 1 1 0 1 0 0 0 0 1 -2 
15 1 1 0 1 1 1 1 0 1 -2 
15 1 1 0 1 0 0 0 1 0 0 1 -2 
15 0 1 1 1 0 0 0 1 0 0 1 -2 
15 1 0 1 0 0 0 1 1 0 0 0 1 -2 
15 0 0 1 1 0 1 1 0 0 1 -2 
15 1 1 0 1 1 0 1 1 1 -2 
15 0 1 1 0 0 1 0 0 1 1 -2 
15 1 0 0 1 0 1 1 0 0 1 -2 
15 1 0 0 1 0 0 1 0 0 0 0 0 1 -2 
15 0 1 0 0 0 0 0 0 0 0 0 0 0 0 0 0 0 0 0 1 -2 
15 1 1 1 1 1 1 0 1 1 -2 
15 0 1 1 0 1 0 0 0 0 1 1 -2 
15 0 1 1 1 0 1 0 0 0 0 0 1 -2 
15 0 1 0 1 0 1 0 0 0 0 0 1 -2 
15 0 1 0 1 0 0 0 1 0 0 1 -2 
15 1 0 0 1 1 0 1 0 0 0 1 -2 
15 1 1 1 0 0 1 0 0 0 1 1 -2 
15 1 0 1 0 0 1 0 1 1 -2 
15 0 1 1 1 0 0 1 1 1 -2 
15 1 0 0 1 1 1 0 1 1 -2 
15 1 0 0 0 0 1 1 0 0 0 1 1 -2 
15 1 1 0 1 1 0 0 0 0 0 0 0 1 -2 
15 1 0 0 1 0 1 1 0 1 -2 
15 1 0 0 1 1 1 0 0 0 0 1 -2 
15 1 0 0 0 0 1 1 0 0 1 1 -2 
15 1 1 1 1 1 0 0 0 0 0 0 1 -2 
15 0 1 0 0 0 1 1 1 0 1 -2 
15 1 0 1 1 0 0 1 1 1 -2 
15 1 0 1 1 0 0 0 0 0 0 0 0 0 1 -2 
15 1 0 1 0 0 0 1 0 0 0 0 1 -2 
15 0 1 0 0 0 0 1 1 0 0 0 1 -2 
15 1 1 0 0 1 1 0 1 1 -2 
15 1 1 1 0 0 1 0 0 0 0 0 1 -2 
15 0 0 1 0 0 1 1 0 0 0 1 -2 
15 0 1 1 0 1 0 0 0 1 1 -2 
15 1 1 1 1 0 0 0 0 0 0 1 1 -2 
15 1 1 0 0 0 0 1 1 0 1 -2 
15 1 0 1 1 0 0 0 0 1 1 -2 
15 1 0 1 1 0 0 0 0 0 0 0 0 1 -2 
15 0 0 0 1 0 1 1 0 0 0 1 -2 
15 0 0 1 0 0 1 1 0 1 -2 
15 1 1 0 0 1 0 0 0 0 0 0 0 1 -2 
15 0 1 1 1 1 1 1 1 -2 
15 1 1 1 1 0 0 0 0 0 1 1 -2 
15 1 0 1 0 1 1 1 1 -2 
15 0 0 1 0 1 1 0 0 0 1 -2 
15 1 1 0 1 1 0 0 0 0 0 1 -2 
15 1 0 0 1 0 0 0 0 0 1 1 -2 
15 0 1 0 0 0 1 0 0 0 0 0 1 -2 
15 0 0 1 1 1 1 0 1 -2 
15 0 1 1 0 0 0 0 0 0 0 1 1 -2 
15 1 0 0 0 1 1 0 1 1 -2 
15 0 1 0 0 0 0 0 1 0 0 1 -2 
15 0 0 1 0 1 1 0 1 -2 
15 0 1 1 1 0 0 0 0 0 0 0 1 -2 
15 1 1 0 0 0 0 0 1 0 0 1 -2 
15 1 0 0 0 1 1 1 0 1 -2 
15 0 0 0 1 1 0 0 0 0 0 0 1 -2 
15 1 0 0 0 0 0 0 0 0 0 0 0 0 0 0 0 0 1 -2 
15 1 0 0 0 0 1 0 0 0 0 0 1 -2 
15 0 0 1 0 0 0 0 0 0 1 1 -2 
15 0 0 0 1 0 0 0 0 0 0 1 1 -2 
15 1 0 0 0 0 0 1 0 0 0 0 0 1 -2 
15 1 0 0 0 1 1 0 0 0 0 0 0 0 0 1 0 0 0 0 0 0 0 0 0 0 0 0 1 -2 
15 1 0 0 1 0 0 0 0 0 0 0 1 1 0 0 0 0 0 0 0 0 0 0 0 1 -2 
15 1 0 0 1 0 0 0 0 0 0 0 0 1 0 0 0 0 0 0 0 0 0 0 0 0 1 -2 
15 0 0 0 0 0 0 0 0 0 0 1 1 0 0 0 0 0 0 0 0 0 0 0 1 1 -2 
15 1 1 1 1 1 1 1 0 1 0 1 -2 
15 0 0 0 0 1 0 0 0 0 0 0 0 0 0 0 0 0 0 0 0 0 0 0 0 0 0 1 -2 
15 0 1 1 0 0 0 0 1 0 0 0 0 0 0 0 0 0 0 1 -2 
15 1 1 1 0 0 0 0 0 0 0 0 0 0 0 0 0 0 0 0 0 0 1 -2 
15 1 1 0 0 0 1 1 0 0 0 0 0 0 0 0 0 1 -2 
15 1 1 1 0 0 0 1 0 0 0 0 0 0 0 0 0 0 0 1 -2 
15 1 1 1 1 1 1 0 1 0 1 -2 
15 0 1 1 1 0 0 1 1 0 0 0 1 -2 
15 1 1 1 1 0 1 1 1 0 1 -2 
15 1 1 0 1 0 1 1 0 0 0 0 1 -2 
15 0 1 0 0 0 1 1 0 0 0 0 0 0 0 0 0 1 -2 
15 0 1 0 1 1 1 0 1 0 1 -2 
15 0 1 0 0 0 1 1 0 0 0 0 0 0 0 0 0 0 1 -2 
15 1 1 0 1 1 1 1 0 1 1 -2 
15 1 1 1 0 1 1 0 0 0 0 1 1 -2 
15 1 1 1 0 1 0 1 0 1 1 -2 
15 1 1 0 1 1 0 0 1 0 0 0 1 -2 
15 1 1 1 1 0 1 1 0 0 0 0 0 1 -2 
15 1 0 0 1 0 0 1 1 0 0 0 0 0 1 -2 
15 1 0 1 1 0 0 1 0 0 0 0 1 -2 
15 1 0 1 0 0 1 1 0 0 0 0 1 -2 
15 0 1 1 1 1 1 1 0 0 0 1 -2 
15 1 1 1 1 0 0 0 1 0 1 1 -2 
15 1 1 1 0 1 1 0 0 0 0 0 0 0 1 -2 
15 0 1 0 1 0 1 1 0 0 0 1 -2 
15 1 0 1 1 0 0 1 0 0 0 0 0 1 -2 
15 0 1 0 1 1 0 1 0 0 0 1 -2 
15 0 1 1 0 1 1 0 0 0 1 1 -2 
15 1 0 0 1 0 1 1 0 0 0 0 1 -2 
15 1 1 1 0 1 1 1 0 0 0 1 -2 
15 1 0 1 0 1 1 0 0 1 1 -2 
15 0 1 0 1 0 0 1 1 0 1 -2 
15 1 1 1 1 1 1 0 0 0 0 0 0 0 1 -2 
15 1 1 1 0 0 1 1 0 1 1 -2 
15 1 1 0 1 1 1 0 0 0 0 0 0 0 1 -2 
15 1 1 0 1 1 0 1 0 0 0 1 -2 
15 0 1 1 1 1 0 1 0 0 0 1 -2 
15 1 0 1 1 1 1 0 0 0 1 1 -2 
15 0 1 1 1 0 1 0 0 1 1 -2 
15 1 1 1 0 1 1 0 0 0 0 0 0 1 -2 
15 0 1 1 0 1 0 1 0 0 0 1 -2 
15 0 0 1 1 1 0 1 0 0 0 0 1 -2 
15 0 0 1 1 0 1 0 1 0 1 -2 
15 0 1 0 0 1 0 0 0 0 0 0 0 0 0 0 0 1 -2 
15 0 1 0 0 1 1 0 0 0 1 1 -2 
15 1 1 1 0 0 1 0 0 1 1 -2 
15 0 1 1 0 1 1 1 0 1 -2 
15 0 0 1 1 1 1 1 0 0 1 -2 
15 0 1 1 1 1 1 0 1 1 -2 
15 1 0 1 1 1 0 1 1 1 -2 
15 0 1 0 1 1 1 0 1 1 -2 
15 1 1 1 1 1 1 1 0 1 -2 
15 1 1 1 0 0 0 1 1 0 0 1 -2 
15 1 0 1 0 0 0 0 1 0 0 0 0 1 -2 
15 0 1 0 1 1 1 0 0 0 0 0 1 -2 
15 1 0 1 0 1 0 0 0 0 1 1 -2 
15 1 1 1 1 1 0 0 0 0 0 0 0 0 1 -2 
15 0 1 1 1 0 0 0 1 0 0 0 1 -2 
15 0 1 0 0 1 0 0 0 0 0 0 0 0 0 1 -2 
15 1 1 0 0 1 1 1 0 0 0 1 -2 
15 0 1 1 1 1 0 1 0 1 -2 
15 1 1 0 1 0 1 0 0 0 0 0 1 -2 
15 1 1 0 1 0 1 1 0 1 -2 
15 1 1 1 0 0 1 0 0 0 0 0 0 1 -2 
15 1 0 0 1 0 1 0 0 0 0 0 0 0 1 -2 
15 1 0 1 1 0 1 1 0 1 -2 
15 0 0 1 0 1 1 1 0 0 1 -2 
15 0 1 0 0 1 1 1 0 0 0 1 -2 
15 1 1 1 0 0 1 0 0 0 0 0 0 0 1 -2 
15 1 1 0 1 1 1 0 0 0 0 0 1 -2 
15 0 1 1 0 0 0 0 1 0 0 0 0 1 -2 
15 1 1 1 0 1 0 0 0 0 0 0 0 0 1 -2 
15 1 0 1 0 1 0 0 0 0 0 0 1 -2 
15 0 1 1 1 1 1 0 0 1 -2 
15 1 0 1 0 0 0 0 1 0 0 1 -2 
15 1 1 1 0 1 0 0 0 1 1 -2 
15 0 1 0 0 1 1 0 1 1 -2 
15 1 0 1 1 0 0 0 0 0 0 0 0 0 0 0 1 -2 
15 0 0 1 0 1 1 1 0 1 -2 
15 1 0 1 1 1 0 0 0 0 0 0 0 1 -2 
15 0 1 1 0 0 0 1 0 0 0 0 1 -2 
15 1 0 0 1 0 1 0 0 0 0 0 1 -2 
15 1 0 0 1 1 0 0 0 0 0 1 1 -2 
15 0 1 1 0 0 1 1 0 1 -2 
15 1 0 0 1 1 1 0 0 0 0 0 1 -2 
15 1 1 1 1 1 0 0 0 0 0 0 0 1 -2 
15 0 1 1 0 0 0 0 0 1 0 0 1 -2 
15 1 1 1 0 0 0 1 0 0 0 0 0 1 -2 
15 1 1 1 0 0 0 1 1 0 1 -2 
15 1 1 0 0 1 1 0 0 0 0 0 1 -2 
15 1 1 0 0 1 0 0 0 0 1 1 -2 
15 0 0 0 0 1 1 0 0 0 0 0 0 0 0 0 0 1 -2 
15 0 0 1 0 1 1 0 0 0 0 0 1 -2 
15 1 0 1 1 1 0 0 0 1 1 -2 
15 0 1 1 1 0 0 0 0 0 0 0 0 0 1 -2 
15 0 1 0 1 1 0 0 0 0 0 0 1 -2 
15 0 0 0 0 1 0 1 0 0 0 0 0 0 0 1 -2 
15 0 0 1 0 1 0 0 0 0 0 0 0 1 -2 
15 0 0 1 1 0 0 0 0 0 0 1 1 -2 
15 1 0 1 0 0 0 1 0 0 1 -2 
15 1 0 0 0 0 1 1 1 0 1 -2 
15 0 0 1 0 1 0 0 1 1 -2 
15 0 0 0 1 1 1 0 0 0 0 0 0 1 -2 
15 0 1 1 0 0 0 0 1 0 1 -2 
15 0 1 0 0 1 0 0 0 0 0 0 0 1 -2 
15 1 0 1 0 0 0 0 1 0 1 -2 
15 1 1 0 1 0 0 0 0 1 1 -2 
15 1 0 1 1 0 0 0 0 0 1 1 -2 
15 0 1 0 1 0 0 0 0 1 1 -2 
15 0 0 0 1 1 0 0 0 0 0 0 0 1 1 -2 
15 0 1 1 1 0 0 0 0 0 1 1 -2 
15 0 0 1 1 1 0 0 1 1 -2 
15 0 1 1 1 0 0 0 0 1 1 -2 
15 0 1 0 0 0 0 1 0 0 0 0 1 -2 
15 0 0 0 1 1 0 0 0 0 0 0 0 0 0 1 -2 
15 0 1 0 1 0 0 0 0 0 0 0 0 1 -2 
15 1 0 0 1 0 0 0 0 0 0 0 0 0 0 1 -2 
15 0 1 1 0 1 1 1 1 -2 
15 0 1 0 0 1 0 0 0 0 0 0 1 -2 
15 0 1 0 1 0 0 0 0 0 1 1 -2 
15 0 0 1 0 0 0 0 1 1 1 -2 
15 1 0 1 0 0 0 0 0 0 0 0 0 0 1 -2 
15 1 0 0 0 0 1 0 0 0 0 0 0 0 1 -2 
15 1 1 0 0 0 0 1 0 0 1 -2 
15 1 0 0 0 0 0 0 1 0 0 0 0 0 1 -2 
15 0 0 0 0 1 1 1 0 0 1 -2 
15 0 0 0 0 0 0 0 0 0 0 0 0 0 0 0 0 0 0 1 -2 
15 1 0 0 0 1 0 1 1 1 -2 
15 1 1 0 0 0 0 0 0 0 0 0 1 1 -2 
15 1 1 1 0 0 0 0 0 0 1 1 -2 
15 0 0 0 0 0 0 0 0 0 0 0 0 0 0 0 1 -2 
15 0 0 1 1 0 0 0 0 1 1 -2 
16 0 1 0 1 0 0 0 1 1 0 0 1 0 0 0 0 0 0 0 0 0 1 -2 
16 0 0 0 0 0 1 0 0 0 0 0 0 0 0 0 0 0 0 0 0 0 0 0 0 0 0 0 0 0 0 0 1 -2 
16 1 1 1 1 1 0 0 0 0 0 1 0 0 0 0 0 0 0 0 0 0 0 0 1 -2 
16 1 1 1 0 1 1 0 1 0 0 1 1 -2 
16 1 0 1 0 0 1 1 0 0 0 0 0 0 0 0 0 0 1 -2 
16 0 1 1 1 1 1 0 1 0 0 0 0 1 -2 
16 1 1 0 0 1 0 0 1 1 0 0 0 0 0 1 -2 
16 1 1 1 0 0 1 1 0 0 0 0 0 0 0 0 0 0 1 -2 
16 1 0 1 0 0 0 0 0 0 0 1 0 0 0 0 0 0 0 0 0 0 0 1 -2 
16 1 0 1 0 1 0 1 1 0 0 0 1 -2 
16 1 1 1 0 1 1 0 1 0 0 1 -2 
16 1 1 0 1 0 1 1 1 0 0 1 -2 
16 1 1 1 0 1 1 0 0 0 0 0 0 0 0 0 0 1 -2 
16 1 1 1 1 0 1 1 1 0 0 1 -2 
16 1 1 1 0 1 1 0 0 0 0 0 0 0 0 0 0 0 1 -2 
16 1 1 1 1 1 1 1 0 0 1 1 -2 
16 0 0 1 0 0 0 0 0 0 1 0 0 0 0 0 0 0 0 0 0 0 0 1 -2 
16 0 1 1 1 0 1 1 0 0 1 1 -2 
16 1 1 1 0 1 0 0 0 1 0 0 0 0 1 -2 
16 1 0 1 0 0 1 1 1 0 0 1 -2 
16 1 0 0 0 1 0 1 0 0 0 0 0 0 0 0 0 1 -2 
16 1 1 1 1 0 0 1 1 0 0 0 1 -2 
16 1 1 1 0 1 0 0 1 0 0 0 1 -2 
16 1 1 1 1 0 1 1 0 0 0 0 1 -2 
16 0 1 0 0 1 1 0 1 0 0 0 1 -2 
16 0 1 1 0 1 0 1 0 0 0 0 0 1 -2 
16 1 0 1 1 1 0 0 1 0 0 0 1 -2 
16 1 1 0 1 1 1 0 0 0 0 1 1 -2 
16 1 1 1 0 0 1 0 0 0 0 0 0 0 0 0 0 0 1 -2 
16 1 1 1 1 0 1 1 0 1 1 -2 
16 0 1 0 0 0 0 0 0 0 0 1 0 0 0 0 1 1 -2 
16 0 1 0 1 1 1 1 0 0 0 0 0 1 -2 
16 1 1 0 0 1 1 0 0 0 0 0 0 0 0 0 0 0 1 -2 
16 1 1 1 0 1 0 1 0 0 0 0 0 1 -2 
16 1 1 0 1 1 0 1 0 0 0 0 1 -2 
16 1 0 1 1 1 1 0 1 0 1 -2 
16 0 1 0 1 0 0 1 1 0 0 1 -2 
16 1 0 1 1 0 1 1 1 0 1 -2 
16 1 1 1 1 0 0 1 0 0 0 0 0 0 1 -2 
16 0 1 1 1 0 1 0 0 0 0 0 0 0 0 1 -2 
16 1 0 1 0 1 1 1 0 0 0 0 1 -2 
16 1 0 0 0 0 0 0 0 0 0 0 1 0 0 0 0 0 0 0 0 0 0 0 1 -2 
16 1 1 1 1 1 1 1 0 0 0 0 1 -2 
16 0 1 0 1 1 0 1 0 0 0 0 1 -2 
16 1 1 0 0 1 1 1 0 1 1 -2 
16 1 0 1 1 0 0 0 1 0 0 0 0 1 -2 
16 1 1 0 0 1 0 1 0 0 0 0 1 -2 
16 0 1 1 0 1 0 0 1 0 1 -2 
16 1 0 1 1 1 0 0 0 0 0 0 0 0 0 0 1 -2 
16 0 1 1 1 1 1 1 0 0 1 -2 
16 1 1 0 0 0 0 0 0 0 0 0 0 0 0 0 0 0 1 -2 
16 1 1 0 1 1 1 0 0 1 1 -2 
16 1 1 1 1 1 0 0 0 0 0 0 0 0 0 1 -2 
16 1 1 0 1 0 0 0 1 0 0 0 0 0 1 -2 
16 1 0 1 1 1 1 1 0 0 1 -2 
16 1 1 0 1 1 0 1 0 0 1 -2 
16 1 1 0 1 1 1 1 0 0 0 1 -2 
16 0 1 0 0 0 0 0 1 0 0 0 0 0 0 0 0 0 0 1 -2 
16 1 0 1 1 0 1 1 0 0 1 -2 
16 1 1 1 1 0 1 0 0 0 0 0 0 1 -2 
16 1 1 1 1 0 0 1 1 0 1 -2 
16 1 0 0 0 0 0 1 1 0 0 0 0 0 0 0 0 0 1 -2 
16 1 0 1 0 0 1 1 0 1 1 -2 
16 1 1 1 1 0 0 1 0 0 0 0 0 1 -2 
16 0 1 0 1 1 1 1 0 0 1 -2 
16 1 1 1 0 0 1 0 1 0 1 -2 
16 1 1 1 0 0 1 1 0 0 0 0 0 1 -2 
16 0 1 1 1 0 1 1 0 0 0 1 -2 
16 1 0 1 1 0 1 0 0 0 0 0 0 1 -2 
16 1 0 0 1 0 1 1 0 0 0 0 0 1 -2 
16 1 1 1 1 0 0 0 0 0 0 0 0 0 0 0 0 0 1 -2 
16 1 1 0 1 0 0 0 1 0 0 0 0 1 -2 
16 1 0 0 1 0 0 0 0 1 0 0 0 0 1 -2 
16 0 0 1 1 0 0 1 1 0 0 0 1 -2 
16 0 1 0 1 1 1 0 0 0 1 1 -2 
16 1 1 1 1 1 0 1 0 0 1 -2 
16 0 0 0 0 1 0 1 0 0 0 0 0 0 0 0 0 1 -2 
16 1 1 0 0 0 0 1 0 0 0 0 0 0 0 0 0 0 0 1 -2 
16 1 1 0 0 0 0 1 0 0 0 0 0 0 0 0 0 0 1 -2 
16 1 0 0 1 1 1 1 0 0 0 0 0 1 -2 
16 1 1 1 0 0 0 0 0 0 0 0 0 0 0 0 0 0 0 0 1 -2 
16 1 0 1 0 1 1 0 0 0 0 0 1 -2 
16 1 1 0 0 1 0 0 0 0 0 0 0 0 0 1 -2 
16 1 0 0 1 1 1 0 0 0 1 1 -2 
16 0 1 1 1 1 1 0 0 0 0 0 1 -2 
16 1 0 0 0 0 0 0 1 0 0 0 0 0 0 0 0 0 1 -2 
16 0 1 1 1 0 0 0 0 0 1 0 1 -2 
16 0 0 1 0 0 1 1 0 0 0 0 1 -2 
16 0 1 0 0 0 0 0 0 0 0 0 0 0 0 0 0 0 0 1 1 -2 
16 0 1 0 0 1 0 1 0 0 1 -2 
16 1 1 1 0 0 0 1 1 0 0 0 1 -2 
16 1 1 0 0 0 1 0 0 0 0 0 0 0 0 0 1 -2 
16 1 0 0 1 1 1 0 0 0 0 0 0 1 -2 
16 1 1 0 0 1 1 0 0 0 0 0 0 1 -2 
16 1 0 1 1 0 0 0 1 0 0 0 1 -2 
16 1 0 0 0 1 0 1 0 0 0 0 0 0 0 1 -2 
16 1 1 0 0 0 1 0 0 0 0 0 0 0 0 0 0 0 1 -2 
16 1 0 1 1 1 1 1 0 1 -2 
16 1 0 1 1 1 0 0 0 0 1 1 -2 
16 0 1 1 0 1 0 0 0 0 0 1 1 -2 
16 1 0 0 1 1 1 1 0 0 0 1 -2 
16 1 1 0 0 1 1 0 0 0 1 1 -2 
16 1 0 0 1 0 1 0 0 1 1 -2 
16 1 0 1 1 1 1 0 0 0 0 0 1 -2 
16 0 1 0 0 0 0 0 0 0 0 0 0 0 0 0 0 1 -2 
16 0 0 1 0 0 1 0 0 0 0 1 1 -2 
16 0 0 1 1 1 0 0 0 0 0 0 0 0 0 1 -2 
16 0 0 0 0 0 0 0 0 0 0 1 0 0 0 0 0 0 0 0 0 0 0 0 1 -2 
16 1 0 0 1 1 1 0 0 0 0 0 0 0 1 -2 
16 1 0 1 1 0 1 0 0 0 0 0 1 -2 
16 1 0 0 1 0 0 1 1 0 1 -2 
16 1 1 1 0 1 0 1 1 1 -2 
16 0 0 1 0 1 1 0 0 0 0 0 0 1 -2 
16 1 0 0 0 1 1 0 0 0 0 0 0 0 0 0 1 -2 
16 1 1 0 0 0 1 1 0 0 0 0 0 0 1 -2 
16 0 1 1 0 1 1 0 1 1 -2 
16 0 1 0 0 1 1 1 0 0 1 -2 
16 0 0 1 1 0 0 0 1 0 0 0 0 1 -2 
16 1 0 1 0 0 0 1 0 0 0 0 0 0 1 -2 
16 0 0 1 1 0 0 0 1 0 0 0 1 -2 
16 0 0 1 1 1 1 0 0 0 0 1 -2 
16 1 0 1 1 0 0 0 0 0 0 0 0 0 0 1 -2 
16 0 1 0 0 1 0 0 0 0 0 0 0 0 1 -2 
16 1 1 1 0 0 0 0 1 0 0 0 1 -2 
16 1 1 1 0 0 0 0 0 0 1 1 1 -2 
16 1 0 0 0 0 0 1 0 0 0 0 0 0 0 0 0 1 -2 
16 1 0 1 0 0 0 1 0 0 0 0 0 1 -2 
16 0 1 0 1 0 0 1 1 1 -2 
16 0 0 1 0 1 0 1 1 1 -2 
16 0 1 1 0 1 0 0 0 0 0 0 1 -2 
16 1 0 1 0 1 0 0 0 0 0 0 0 1 -2 
16 1 1 0 0 1 0 0 0 0 0 0 0 0 1 -2 
16 0 0 1 1 1 1 0 0 0 0 0 1 -2 
16 1 1 1 0 0 1 1 1 1 -2 
16 0 1 1 0 0 0 1 1 0 1 -2 
16 1 1 1 0 0 0 0 0 1 0 0 1 -2 
16 0 1 1 0 0 0 0 1 0 0 0 1 -2 
16 1 0 0 0 0 1 0 0 0 0 0 0 0 0 0 0 0 1 -2 
16 0 0 0 1 0 0 1 0 0 0 0 0 0 0 1 -2 
16 0 1 0 0 1 1 1 0 1 -2 
16 0 0 1 1 0 0 1 0 0 1 -2 
16 1 1 0 1 0 0 0 0 0 0 0 0 0 0 0 0 1 -2 
16 1 1 0 1 1 0 0 0 0 0 0 1 -2 
16 1 0 1 1 1 1 0 0 1 -2 
16 0 1 0 0 0 1 1 0 0 0 0 0 1 -2 
16 1 0 0 0 0 0 1 0 0 0 0 0 0 0 0 0 0 0 1 -2 
16 1 0 0 0 1 1 0 0 0 0 0 0 0 0 1 -2 
16 0 1 1 0 0 1 0 0 0 0 0 1 -2 
16 1 1 1 0 0 0 0 1 0 0 1 -2 
16 0 1 0 0 1 0 1 0 1 -2 
16 0 0 0 1 1 1 0 0 0 0 0 0 0 0 1 -2 
16 1 1 0 0 0 0 1 1 0 0 0 1 -2 
16 1 1 0 1 0 0 1 1 1 -2 
16 1 1 0 0 1 0 1 1 1 -2 
16 0 1 0 0 1 1 0 0 0 0 1 -2 
16 0 1 0 0 0 0 1 1 0 1 -2 
16 1 1 0 0 0 0 0 1 0 0 0 0 1 -2 
16 1 0 0 0 0 1 0 0 0 0 0 0 0 0 1 -2 
16 1 1 0 0 0 1 0 0 0 0 0 0 0 1 -2 
16 1 0 0 1 0 0 0 1 0 1 -2 
16 1 0 0 1 0 0 0 0 0 0 1 1 -2 
16 1 0 1 1 1 1 1 1 -2 
16 0 0 1 0 0 1 0 0 0 0 0 1 -2 
16 1 0 0 0 1 1 0 0 0 0 0 0 0 1 -2 
16 1 0 0 0 1 1 1 0 0 1 -2 
16 0 0 1 1 0 0 1 1 1 -2 
16 1 0 0 0 1 0 0 0 0 0 0 1 1 -2 
16 1 0 1 0 0 0 0 0 1 0 1 -2 
16 1 0 0 1 1 0 0 0 1 1 -2 
16 1 1 1 0 0 0 0 0 1 1 1 -2 
16 0 0 1 1 1 1 0 0 1 -2 
16 0 0 1 0 0 0 1 0 1 1 -2 
16 0 0 0 1 1 0 0 0 0 0 0 0 0 0 0 0 1 -2 
16 1 0 0 0 0 0 0 0 0 0 0 0 0 0 0 1 -2 
16 1 0 0 0 1 1 1 0 0 0 1 -2 
16 0 1 0 0 0 0 0 0 1 0 0 1 -2 
16 0 0 0 1 0 0 1 0 0 0 0 0 1 -2 
16 0 0 1 1 0 0 0 0 0 1 1 -2 
16 1 0 1 0 0 0 0 0 0 0 1 1 -2 
16 1 0 0 0 0 1 1 0 0 1 -2 
16 0 0 0 1 1 1 0 0 0 0 1 -2 
16 0 1 1 0 0 0 0 0 0 0 0 0 0 0 0 1 -2 
16 1 1 1 0 0 0 0 0 0 0 0 0 0 1 -2 
16 0 0 1 0 0 0 1 0 0 0 1 -2 
16 1 1 0 0 0 1 0 1 1 -2 
16 1 1 1 0 0 0 0 0 0 0 0 0 0 0 1 -2 
16 0 0 0 1 1 0 0 0 0 0 0 0 0 1 -2 
16 0 0 1 0 1 1 1 1 -2 
16 1 1 1 0 0 0 0 0 0 0 1 1 -2 
16 0 0 0 1 1 0 1 0 1 -2 
16 1 0 0 0 0 1 0 0 1 1 -2 
16 0 0 0 1 0 1 0 0 0 0 0 1 -2 
16 0 0 0 1 0 0 1 0 0 0 1 -2 
16 1 1 1 0 0 0 0 1 0 0 0 0 0 0 0 0 0 0 1 0 0 0 0 0 0 0 0 0 0 0 0 0 1 -2 
16 0 0 0 0 0 0 0 0 1 0 0 0 0 0 0 0 0 0 0 0 1 0 0 0 0 0 0 0 0 0 0 0 0 0 0 1 -2 
16 1 1 0 0 0 0 1 0 0 0 0 0 0 0 0 0 0 0 0 0 0 0 0 0 0 0 0 0 0 0 0 0 1 -2 
16 0 1 1 0 0 1 0 0 1 0 0 1 1 0 0 0 0 1 -2 
16 1 1 0 0 0 0 0 1 0 0 0 0 0 0 0 0 0 0 0 0 0 0 0 0 0 0 0 0 0 0 0 0 0 0 1 -2 
16 1 1 1 0 0 1 0 1 0 1 0 0 0 0 0 0 0 0 0 1 -2 
16 1 1 1 1 1 0 1 0 1 0 0 0 0 0 0 0 0 0 0 1 -2 
16 1 0 0 0 0 0 0 1 0 0 0 0 0 0 0 0 0 0 0 0 0 0 0 0 0 0 0 0 0 0 0 0 1 -2 
16 1 0 1 1 1 0 1 1 1 0 0 0 0 0 0 0 0 0 1 -2 
16 0 0 1 1 1 1 0 0 0 0 0 0 0 1 0 0 0 0 0 0 0 0 0 0 0 0 1 -2 
16 1 1 1 0 1 0 1 0 1 0 0 0 0 0 0 0 0 0 0 1 -2 
16 0 1 1 1 0 0 1 0 1 0 0 0 0 0 0 0 0 0 1 -2 
16 0 0 0 0 0 0 0 0 0 0 0 0 0 0 0 0 0 0 0 0 0 0 0 0 0 0 0 0 0 0 0 1 -2 
16 0 1 1 1 0 0 0 0 0 1 0 0 0 0 0 0 0 0 0 0 0 0 0 1 -2 
16 1 1 0 0 0 1 0 0 0 0 0 0 0 0 0 0 0 0 0 0 0 0 0 0 0 0 1 -2 
16 1 1 0 0 1 0 0 0 0 0 0 0 0 0 0 0 0 0 0 0 0 0 0 0 0 0 1 -2 
16 1 1 1 1 0 0 1 0 0 0 0 0 1 0 0 0 0 0 1 -2 
16 0 0 1 0 1 0 0 0 0 0 0 0 1 0 0 0 0 0 0 0 0 0 0 0 1 -2 
16 1 0 1 0 0 0 0 0 1 0 1 0 0 0 0 0 0 0 0 0 1 -2 
16 1 1 0 1 0 0 1 1 0 0 0 0 0 0 0 0 0 0 1 -2 
16 1 1 1 0 1 0 0 0 1 0 0 0 0 0 0 0 0 0 0 0 1 -2 
16 1 0 1 1 1 0 0 0 0 0 0 0 0 0 0 0 0 0 0 1 -2 
16 1 1 1 1 0 0 0 1 1 0 0 0 0 0 0 0 0 0 0 0 1 -2 
16 1 1 1 0 1 0 0 0 0 0 0 0 0 0 0 0 0 0 0 1 -2 
16 0 1 1 0 1 0 1 1 0 0 0 0 0 0 0 0 1 -2 
16 1 0 1 0 1 0 0 1 0 0 0 0 0 0 0 0 0 0 1 -2 
16 1 1 0 0 0 0 0 0 0 0 0 0 0 1 0 0 0 0 0 0 0 0 0 0 0 0 0 1 -2 
16 1 0 0 1 0 0 0 0 0 0 0 0 1 0 0 0 0 0 0 0 0 0 0 0 1 -2 
16 1 1 1 1 0 0 1 1 0 0 0 0 0 0 0 0 0 0 0 0 1 -2 
16 1 1 0 1 0 0 0 0 0 0 0 0 0 0 0 0 0 0 0 0 0 0 0 0 0 1 -2 
16 1 1 1 1 1 0 1 1 1 0 0 0 1 -2 
16 1 1 1 1 0 0 0 0 0 0 0 0 0 0 0 0 0 0 0 0 0 0 0 1 -2 
16 1 1 0 0 1 0 0 0 0 0 0 0 0 0 0 0 0 0 0 1 -2 
16 1 0 0 1 0 1 1 1 0 0 0 0 0 0 0 0 1 -2 
16 0 1 1 1 0 1 1 1 1 0 0 1 -2 
16 0 1 1 0 1 0 0 1 1 0 0 0 0 0 1 -2 
16 1 0 1 1 0 0 0 0 0 1 0 0 0 0 0 0 0 0 0 0 0 0 1 -2 
16 1 0 0 1 0 0 1 1 0 0 0 0 0 0 0 0 0 0 0 1 -2 
16 1 1 1 0 1 1 1 0 0 1 0 1 -2 
16 1 1 1 1 1 0 1 0 0 0 0 0 0 0 0 0 1 -2 
16 0 1 1 0 0 0 0 0 1 1 0 0 0 0 0 0 0 0 0 1 -2 
16 1 1 1 0 1 1 0 0 0 1 0 0 0 0 1 -2 
16 0 0 1 0 0 0 0 0 0 0 1 1 0 0 0 0 0 0 0 0 0 0 0 0 1 -2 
16 1 1 1 1 0 1 0 1 0 0 0 0 0 0 0 1 -2 
16 1 1 1 1 1 1 0 1 0 0 0 0 0 0 1 -2 
16 1 1 1 1 0 0 0 0 0 1 0 0 0 0 0 0 0 0 0 0 0 0 1 -2 
16 1 0 0 0 1 0 0 0 0 0 0 0 0 0 0 0 0 0 0 0 0 0 0 0 0 0 1 -2 
16 0 0 0 1 0 0 0 0 0 0 1 1 0 0 0 0 0 0 0 0 0 0 0 0 1 -2 
16 1 1 1 1 0 1 1 1 1 0 0 1 -2 
16 1 0 1 1 0 0 0 0 0 0 0 0 0 0 0 0 0 0 0 0 0 0 0 1 -2 
16 1 0 1 0 1 1 1 0 0 0 0 0 0 0 0 0 1 -2 
16 1 0 1 0 0 1 0 0 0 0 0 0 1 0 0 1 -2 
16 1 1 0 0 0 0 0 1 0 1 0 0 0 0 0 0 0 0 0 1 -2 
16 1 1 1 1 1 0 1 1 1 0 1 -2 
16 1 1 0 1 1 0 0 1 0 0 0 0 0 0 1 -2 
16 0 1 1 1 0 0 1 0 0 0 0 0 0 0 0 0 0 1 -2 
16 0 0 0 0 0 0 0 0 0 1 1 0 0 0 0 0 0 0 0 0 0 1 1 -2 
16 0 0 1 0 1 1 0 0 0 0 0 0 0 0 0 0 1 1 -2 
16 0 0 1 1 1 0 1 1 0 0 0 0 0 0 1 -2 
16 1 0 0 0 1 1 1 0 0 0 1 0 0 0 0 1 -2 
16 1 1 1 1 1 0 1 0 1 0 1 -2 
16 1 0 1 1 1 0 0 1 0 0 1 1 -2 
16 1 1 0 1 1 0 0 0 1 1 0 0 1 -2 
16 1 0 1 1 0 0 1 0 0 0 0 0 0 0 0 0 1 -2 
16 0 0 0 0 0 0 0 1 0 0 1 1 0 0 0 0 0 0 0 0 1 -2 
16 1 1 0 1 1 1 1 1 0 0 0 0 1 -2 
16 1 1 1 1 1 1 1 0 0 0 0 1 1 -2 
16 1 1 1 1 0 1 1 0 1 0 1 -2 
16 1 0 0 1 0 0 0 0 0 0 0 0 0 0 0 0 0 0 0 0 0 0 0 1 -2 
16 1 1 0 1 1 0 1 1 0 0 0 0 0 1 -2 
16 1 1 1 1 0 0 1 0 0 0 0 0 0 0 0 0 0 0 1 -2 
16 1 0 1 1 0 1 0 0 0 1 0 0 0 1 -2 
16 1 0 1 0 0 0 0 0 0 0 0 0 0 0 0 0 0 0 0 0 0 0 0 1 -2 
16 1 1 0 0 0 0 0 0 0 0 0 0 1 0 0 0 0 0 0 0 0 0 0 0 1 -2 
16 1 1 1 0 0 1 0 0 0 0 1 0 0 1 -2 
16 1 0 1 0 0 0 0 0 0 1 0 0 0 0 0 0 0 0 0 0 0 1 -2 
16 0 0 1 1 0 1 0 0 1 0 0 0 0 1 -2 
16 1 1 0 1 1 0 0 0 1 0 0 0 0 0 0 1 -2 
16 0 0 0 1 0 0 0 0 0 0 0 0 0 0 0 0 0 0 0 0 0 0 0 0 0 0 1 -2 
16 0 1 0 1 0 1 0 1 0 0 0 0 1 -2 
16 1 0 1 0 1 0 0 0 0 1 0 0 0 0 0 1 -2 
16 1 1 1 1 0 1 1 1 1 0 1 -2 
16 0 0 0 1 0 0 0 0 0 0 0 0 1 0 0 0 0 0 0 0 0 0 0 0 1 -2 
16 1 0 1 1 1 0 0 1 0 0 0 0 1 -2 
16 0 1 0 1 1 0 0 1 0 0 0 0 0 1 -2 
16 0 1 1 0 1 0 1 1 0 0 1 -2 
16 1 1 0 1 1 0 0 1 0 0 0 0 1 -2 
16 1 1 0 1 1 0 0 0 0 1 0 0 0 1 -2 
16 1 1 1 0 1 0 0 1 0 0 0 0 1 -2 
16 1 1 1 1 1 0 1 0 0 0 0 0 0 0 1 -2 
16 1 0 1 1 0 1 1 1 0 0 0 1 -2 
16 1 1 1 1 1 1 0 0 0 0 0 0 0 0 0 1 -2 
16 1 0 0 0 1 0 1 1 0 0 0 0 0 0 0 0 1 -2 
16 1 1 0 1 1 0 1 0 0 0 0 0 0 1 -2 
16 1 0 1 0 0 1 1 0 1 0 1 -2 
16 0 1 1 1 1 0 0 0 0 1 0 0 1 -2 
16 0 0 1 0 0 0 0 0 0 0 1 0 0 0 0 0 0 0 0 0 0 0 0 1 -2 
16 0 1 0 0 0 0 1 1 0 0 0 0 0 0 0 0 0 0 1 -2 
16 0 1 0 0 0 0 0 0 0 0 1 0 0 0 0 0 0 0 0 0 0 0 1 -2 
16 0 1 0 0 0 0 0 0 0 0 1 0 0 0 0 0 0 0 0 0 1 -2 
16 1 0 1 1 0 1 1 0 0 0 0 0 0 1 -2 
16 1 1 0 1 1 0 1 1 0 0 0 1 -2 
16 1 1 1 1 1 1 1 0 0 0 1 1 -2 
16 1 1 1 1 1 0 1 0 0 0 0 0 0 1 -2 
16 1 1 1 1 1 0 0 0 0 0 0 1 1 1 -2 
16 1 1 1 1 0 0 0 0 0 0 1 1 0 1 -2 
16 1 1 0 1 1 1 0 0 0 0 0 0 0 0 0 1 -2 
16 0 1 1 1 1 0 1 1 0 0 1 -2 
16 0 1 1 1 0 0 1 1 0 0 0 0 1 -2 
16 0 1 1 1 1 0 1 1 0 0 0 1 -2 
16 1 1 0 1 0 1 1 0 0 1 1 -2 
16 1 1 1 1 0 1 1 0 0 0 0 0 0 1 -2 
16 0 0 1 1 0 0 1 1 0 0 1 1 -2 
16 1 1 1 0 0 0 0 0 0 0 0 0 0 0 0 0 0 0 0 0 0 0 1 -2 
16 1 0 1 1 1 1 1 1 0 0 1 -2 
16 1 0 1 1 0 1 0 1 0 0 0 1 -2 
16 1 1 1 1 0 1 0 1 0 0 0 1 -2 
16 1 0 1 1 0 0 1 0 0 0 0 0 1 1 -2 
16 0 1 1 0 1 0 1 1 0 0 0 1 -2 
16 0 1 0 1 0 1 1 1 0 0 1 -2 
16 1 0 1 1 0 1 1 0 0 1 1 -2 
16 1 1 1 0 0 0 0 0 0 0 0 0 0 0 0 0 0 0 1 -2 
16 1 1 0 0 1 0 1 0 0 0 0 0 0 0 0 1 -2 
16 1 0 1 1 1 1 1 0 0 0 0 0 0 1 -2 
16 1 0 1 1 0 1 0 1 0 0 1 -2 
16 1 1 0 1 0 0 1 1 0 0 0 0 0 1 -2 
16 0 1 1 1 0 1 1 1 0 0 1 -2 
16 1 0 1 1 0 1 1 0 0 0 1 1 -2 
16 1 0 1 0 1 0 1 0 0 0 0 0 0 0 1 -2 
16 1 1 0 1 1 0 0 1 0 0 0 0 0 1 -2 
16 1 0 1 0 1 0 0 0 1 0 0 0 0 1 -2 
16 0 1 1 1 1 0 1 0 0 0 1 1 -2 
16 0 0 0 1 0 0 0 0 0 0 0 1 0 0 0 0 0 0 0 0 0 0 0 0 1 -2 
16 0 0 0 1 0 0 0 0 0 0 1 0 0 0 0 0 0 0 0 0 0 0 0 1 -2 
16 1 0 1 0 0 0 1 0 0 0 0 0 0 0 0 0 1 -2 
16 1 0 0 0 1 1 1 0 0 1 0 1 -2 
16 1 1 1 0 1 1 0 1 1 1 -2 
16 0 1 1 0 1 1 1 1 0 1 -2 
16 1 1 1 1 0 1 0 0 0 0 1 1 -2 
16 1 1 0 0 1 0 0 1 1 0 1 -2 
16 1 1 0 1 0 1 0 0 0 0 1 1 -2 
16 1 0 1 1 0 1 0 1 0 1 -2 
16 0 0 1 1 1 0 1 1 0 0 1 -2 
16 1 1 1 0 1 0 0 0 0 1 0 1 -2 
16 1 0 0 1 1 1 0 0 0 0 0 0 0 1 1 -2 
16 1 0 0 1 1 0 1 0 0 0 0 0 0 0 1 -2 
16 0 1 1 1 1 1 1 0 0 0 0 0 1 -2 
16 0 0 0 0 0 0 0 0 0 0 1 0 0 0 0 0 0 0 0 0 0 0 0 1 1 -2 
16 1 1 1 0 0 1 1 1 0 0 1 -2 
16 0 1 1 1 0 0 1 0 0 1 1 -2 
16 0 1 1 1 0 0 0 1 1 0 0 0 1 -2 
16 1 1 0 0 1 1 0 0 0 0 0 0 0 0 0 0 1 -2 
16 0 1 1 1 0 1 0 0 0 0 1 1 -2 
16 0 0 1 1 0 0 1 1 0 0 0 0 1 -2 
16 1 1 1 1 1 1 1 0 1 1 -2 
16 0 1 0 1 0 1 1 1 0 1 -2 
16 1 0 1 0 1 0 0 1 0 0 0 1 -2 
16 0 1 1 1 1 1 1 0 0 0 0 1 -2 
16 1 1 0 1 0 0 0 1 1 0 0 0 1 -2 
16 0 1 1 0 1 1 1 0 1 1 -2 
16 0 1 0 1 1 1 0 0 0 0 0 0 0 0 1 -2 
16 1 0 1 0 0 1 0 0 1 0 1 -2 
16 0 0 1 1 0 1 1 0 0 0 1 1 -2 
16 1 0 1 0 0 1 1 1 0 0 0 1 -2 
16 1 1 0 1 1 0 0 1 0 0 1 -2 
16 0 0 0 0 0 0 0 0 0 0 1 1 0 0 0 0 0 0 0 0 0 0 0 1 -2 
16 1 1 1 0 0 1 1 0 0 0 0 0 0 1 -2 
16 1 1 1 1 0 0 1 0 0 1 1 -2 
16 1 1 1 1 0 1 0 1 1 1 -2 
16 1 0 1 0 0 0 0 0 0 0 0 0 0 0 0 0 0 1 -2 
16 0 1 0 0 0 1 1 0 0 0 0 0 0 0 0 0 0 0 1 -2 
16 0 0 1 1 1 1 0 0 0 0 0 0 0 0 0 0 1 -2 
16 0 0 1 1 0 0 1 1 0 0 0 0 0 1 -2 
16 1 0 1 1 0 0 1 0 0 0 1 1 -2 
16 1 0 0 0 1 1 1 0 0 0 0 0 0 0 0 0 1 -2 
16 1 0 0 1 0 1 0 1 0 0 1 -2 
16 1 1 0 1 1 1 0 1 0 1 -2 
16 1 1 1 0 0 1 0 1 0 0 1 -2 
16 1 1 0 0 1 1 0 0 1 1 1 -2 
16 1 1 1 1 1 0 0 0 1 0 0 0 1 -2 
16 1 0 1 1 1 0 0 1 0 0 1 -2 
16 1 0 0 1 0 1 0 0 0 0 0 0 0 0 0 0 0 1 -2 
16 1 0 1 1 0 0 1 0 0 0 0 0 0 0 1 -2 
16 0 0 0 1 1 0 1 1 0 0 0 0 0 0 1 -2 
16 1 1 0 1 0 0 0 1 1 0 0 1 -2 
16 1 1 1 1 1 1 0 0 0 0 1 1 -2 
16 0 1 1 0 1 1 1 0 0 0 0 1 -2 
16 1 1 0 0 0 0 1 1 0 0 0 0 0 0 0 0 1 -2 
16 1 0 1 0 0 0 1 0 0 0 0 0 0 0 0 0 0 1 -2 
16 1 1 1 0 1 0 0 1 0 0 1 -2 
16 1 0 0 0 0 0 0 0 1 1 0 0 0 0 0 0 0 0 0 0 0 1 -2 
16 1 1 1 1 1 0 0 0 0 1 0 1 -2 
16 1 1 0 1 0 1 1 0 1 1 -2 
16 1 1 1 1 0 1 0 0 0 0 0 0 0 0 1 -2 
16 1 1 1 1 1 0 0 1 0 0 1 -2 
16 0 1 0 0 0 0 0 0 0 0 0 0 0 0 0 0 0 0 0 0 0 0 0 1 -2 
16 1 0 0 1 1 0 0 1 0 0 0 0 0 1 -2 
16 1 1 1 1 0 0 1 0 0 0 1 1 -2 
16 1 1 1 0 0 0 0 0 0 0 0 0 0 0 0 0 0 0 0 0 1 -2 
16 1 0 0 1 1 0 0 0 1 0 0 0 0 1 -2 
16 1 1 0 1 1 0 0 0 0 0 1 0 1 -2 
16 0 1 0 0 1 1 1 0 0 1 1 -2 
16 0 1 0 1 1 1 0 0 0 0 1 1 -2 
16 1 0 1 0 0 1 0 1 0 0 1 -2 
16 0 1 1 0 1 0 0 0 1 0 0 1 -2 
16 1 0 0 0 0 0 0 0 0 0 1 0 0 0 0 0 0 0 0 0 0 0 0 1 -2 
16 1 0 0 1 0 1 1 1 0 0 1 -2 
16 0 1 1 1 0 0 0 1 0 0 1 1 -2 
16 0 1 1 0 0 1 0 0 0 0 0 0 0 0 0 1 -2 
16 0 1 1 0 1 1 0 1 0 1 -2 
16 0 1 0 0 1 1 0 0 0 0 0 0 0 0 0 0 1 -2 
16 0 0 1 0 1 0 1 0 0 0 0 0 0 0 1 -2 
16 0 0 1 0 1 1 0 0 1 0 1 -2 
16 1 1 1 0 0 1 1 1 0 0 0 1 -2 
16 1 1 0 1 0 0 1 0 0 0 0 0 0 1 -2 
16 1 1 0 0 1 0 0 1 0 0 0 0 0 1 -2 
16 1 1 0 0 1 0 1 1 0 0 0 1 -2 
16 0 1 1 1 0 0 0 0 1 0 0 1 -2 
16 1 0 0 1 0 0 0 1 1 0 0 0 1 -2 
16 1 0 1 1 0 1 0 0 0 1 1 -2 
16 0 0 0 0 0 0 0 0 0 0 0 0 0 0 0 0 0 0 0 0 0 0 0 0 0 0 0 1 -2 
16 1 0 1 0 1 0 1 0 0 0 1 -2 
16 0 0 1 0 0 0 0 0 0 0 0 0 0 0 0 0 0 1 -2 
16 0 0 1 1 1 1 0 1 0 1 -2 
16 1 0 1 0 0 0 1 1 0 0 0 0 1 -2 
16 1 1 1 1 1 1 0 0 0 0 0 0 1 -2 
16 1 1 0 0 0 0 0 0 0 0 0 0 0 0 0 0 0 0 0 0 1 -2 
16 0 1 0 1 0 0 1 0 0 0 0 1 -2 
16 0 1 1 1 1 0 0 0 0 0 0 0 0 0 1 -2 
16 0 1 1 1 1 1 0 0 0 1 1 -2 
16 0 1 0 0 0 0 0 0 0 0 0 0 0 0 0 0 0 0 0 0 1 -2 
16 1 1 1 0 0 1 1 1 0 1 -2 
16 0 0 1 0 0 1 0 0 0 0 0 0 0 0 0 1 -2 
16 1 1 0 1 0 0 1 0 1 1 -2 
16 1 1 1 0 0 0 1 0 1 0 1 -2 
16 0 1 1 0 0 1 1 0 1 1 -2 
16 0 1 1 1 0 0 1 0 0 0 0 0 1 -2 
16 0 1 0 1 0 0 0 0 1 0 0 1 -2 
16 0 1 1 1 1 1 0 0 0 0 0 0 1 -2 
16 1 0 1 1 0 0 1 0 1 1 -2 
16 0 1 1 1 1 0 1 0 0 1 -2 
16 1 1 1 0 0 0 1 1 0 0 0 0 0 1 -2 
16 0 1 1 1 0 1 0 0 0 1 1 -2 
16 1 1 0 1 1 1 1 0 0 1 -2 
16 1 1 0 1 0 0 1 0 0 0 0 0 1 -2 
16 1 1 0 1 1 1 0 0 0 0 0 0 1 -2 
16 1 1 1 0 1 0 0 0 0 0 0 0 0 0 1 -2 
16 1 1 1 1 1 0 0 0 0 0 0 0 0 0 0 0 1 -2 
16 0 0 0 0 1 1 0 1 0 0 0 0 0 0 0 1 -2 
16 1 1 1 1 0 0 0 1 0 0 0 0 1 -2 
16 0 0 0 0 0 0 0 0 0 0 0 0 0 0 0 0 0 0 0 0 0 0 0 0 0 1 -2 
16 1 0 1 0 1 0 1 0 0 1 -2 
16 0 1 1 0 0 1 0 1 0 1 -2 
16 1 1 0 0 1 0 1 0 0 0 0 0 1 -2 
16 0 0 1 0 1 0 1 0 0 0 0 0 1 -2 
16 1 1 0 1 0 1 0 0 1 1 -2 
16 0 1 1 1 0 0 1 0 0 0 0 1 -2 
16 0 1 1 0 0 0 0 1 0 0 1 1 -2 
16 0 0 1 1 0 1 1 1 0 1 -2 
16 0 0 1 1 0 1 1 0 0 0 0 1 -2 
16 0 1 1 0 1 1 1 0 0 0 1 -2 
16 0 1 0 0 1 0 1 0 0 0 0 0 1 -2 
16 0 1 0 1 1 0 0 0 1 0 1 -2 
16 1 0 1 0 1 0 0 0 0 0 0 0 0 0 0 1 -2 
16 1 1 0 1 1 0 0 0 0 0 0 0 0 0 1 -2 
16 1 0 0 0 0 1 1 0 0 0 0 0 0 0 0 0 0 1 -2 
16 0 0 1 1 0 1 0 0 0 0 1 1 -2 
16 0 0 1 0 1 0 1 0 0 0 0 1 -2 
16 0 1 0 1 0 0 0 0 0 0 0 0 0 0 0 0 0 1 -2 
16 1 0 0 1 0 0 1 1 0 0 0 1 -2 
16 0 1 1 1 1 0 0 1 0 1 -2 
16 0 1 0 0 0 0 1 0 0 0 0 0 0 0 0 0 1 -2 
16 1 0 1 0 1 1 1 0 0 0 1 -2 
16 1 0 0 1 0 0 1 0 0 0 0 0 0 1 -2 
16 1 0 0 1 1 0 1 0 0 0 0 1 -2 
16 1 0 0 1 0 0 0 0 1 0 0 0 0 0 1 -2 
16 1 0 1 1 1 0 1 0 0 0 1 -2 
16 0 1 0 0 0 0 0 0 0 0 0 0 0 0 0 0 0 1 -2 
16 1 1 0 0 1 0 1 1 0 1 -2 
16 1 0 0 1 1 0 1 0 0 0 0 0 1 -2 
16 1 1 0 0 0 0 1 0 0 0 0 0 0 0 0 0 0 0 0 1 -2 
16 1 0 1 1 1 1 0 0 0 0 0 0 0 1 -2 
16 1 0 1 0 1 1 0 0 0 0 0 0 0 1 -2 
16 1 1 1 0 1 0 1 0 0 0 1 -2 
16 1 1 0 1 0 1 1 0 0 1 -2 
16 0 1 1 1 1 1 0 0 0 0 0 0 0 1 -2 
16 0 1 0 1 0 1 0 0 1 1 -2 
16 1 0 0 0 0 0 0 0 0 1 0 0 0 0 0 0 0 0 0 0 0 1 -2 
16 1 1 1 0 0 1 0 0 0 0 0 0 0 0 1 -2 
16 0 1 0 0 0 0 0 1 0 0 0 0 0 0 0 0 0 0 0 0 1 -2 
16 0 1 1 0 1 1 0 0 1 1 -2 
16 1 1 1 0 0 0 0 1 0 0 1 1 -2 
16 1 1 1 0 0 1 0 0 0 0 0 1 1 -2 
16 0 1 1 0 0 1 1 0 0 0 0 0 1 -2 
16 0 1 1 0 1 0 1 0 0 1 -2 
16 0 1 1 0 1 0 0 0 0 0 0 1 1 -2 
16 1 1 0 0 0 0 1 0 0 0 0 0 0 0 0 0 1 -2 
16 1 0 1 0 1 0 0 0 0 0 0 0 0 0 1 -2 
16 1 0 1 1 0 0 0 0 0 1 0 0 0 1 -2 
16 0 0 0 1 1 0 0 0 0 0 0 0 0 0 0 0 0 0 0 0 0 1 -2 
16 1 1 0 1 0 1 0 0 0 0 0 0 0 1 -2 
16 1 0 0 1 0 0 1 0 0 1 1 -2 
16 1 0 1 0 1 0 0 1 0 1 -2 
16 1 0 1 1 1 0 0 1 0 1 -2 
16 1 0 1 1 0 0 1 1 0 1 -2 
16 0 1 0 0 1 0 1 0 0 0 0 1 -2 
16 1 0 0 1 0 1 0 0 0 0 0 1 1 -2 
16 1 1 0 1 1 0 0 1 1 1 -2 
16 0 0 0 1 1 0 1 1 0 0 0 0 0 1 -2 
16 1 1 1 1 1 0 0 1 1 1 -2 
16 1 0 1 0 1 0 0 0 0 0 0 0 0 0 0 0 1 -2 
16 1 1 1 1 0 0 0 1 0 0 1 -2 
16 1 1 1 0 0 0 1 0 0 0 0 0 0 1 -2 
16 0 1 0 1 0 1 1 0 1 -2 
16 0 0 1 0 1 1 1 0 0 0 1 -2 
16 0 1 0 1 1 0 0 0 0 0 1 1 -2 
16 0 0 1 1 1 0 1 0 0 0 1 -2 
16 0 1 1 0 0 0 1 1 0 0 0 1 -2 
16 1 0 0 1 0 0 0 0 0 0 0 0 0 0 0 0 0 1 -2 
16 0 1 0 0 0 0 1 1 0 0 0 0 1 -2 
16 1 0 1 1 0 1 1 1 1 -2 
16 1 0 0 0 0 0 0 0 0 0 0 0 0 0 0 0 0 0 0 0 0 1 -2 
16 0 1 1 1 1 1 1 1 1 -2 
16 1 0 1 0 0 1 0 0 1 1 -2 
16 0 0 0 0 0 0 0 0 0 0 0 1 0 0 0 0 0 0 0 0 0 0 0 1 -2 
16 0 1 0 0 0 1 1 1 0 0 1 -2 
16 1 0 1 0 0 0 1 1 0 0 1 -2 
16 0 0 1 1 1 1 0 0 0 0 0 0 1 -2 
16 0 0 1 0 0 0 0 1 1 0 0 0 1 -2 
16 1 0 1 1 0 0 0 0 1 0 1 -2 
16 0 0 0 0 0 0 1 1 0 0 0 0 0 0 0 0 0 0 1 -2 
16 1 1 0 1 0 0 0 1 0 0 0 1 -2 
16 0 1 1 1 1 0 0 0 0 0 0 0 0 1 -2 
16 1 1 0 0 1 1 0 0 0 0 0 0 0 1 -2 
16 1 1 1 1 1 0 0 0 0 0 1 1 -2 
16 1 1 1 0 0 0 0 1 0 0 0 0 0 1 -2 
16 0 1 1 0 0 0 0 1 0 1 1 -2 
16 1 1 1 0 0 0 0 1 0 0 0 0 1 -2 
16 0 0 1 0 0 1 1 0 0 0 0 0 1 -2 
16 0 0 0 0 0 0 0 0 0 1 0 0 0 0 0 0 0 0 0 0 0 1 -2 
16 0 1 1 0 1 0 0 0 0 0 0 0 0 1 -2 
16 1 1 0 0 1 1 0 0 1 1 -2 
16 1 1 0 0 0 1 1 0 0 0 1 1 -2 
16 0 1 0 0 1 0 0 0 0 0 0 1 1 -2 
16 0 0 1 1 0 0 0 0 1 0 0 0 1 -2 
16 1 1 0 0 0 0 0 0 0 0 0 0 0 0 0 0 1 -2 
16 0 1 0 0 0 1 0 0 0 0 0 0 0 0 0 0 1 -2 
16 0 0 0 1 1 0 1 1 0 0 0 1 -2 
16 1 0 0 0 1 1 0 0 0 0 0 0 0 0 0 0 1 -2 
16 1 0 1 0 0 1 0 0 0 1 1 -2 
16 0 0 0 1 0 1 1 0 0 0 1 1 -2 
16 1 0 0 1 1 0 0 0 0 0 0 0 0 0 1 -2 
16 0 1 0 1 1 0 0 0 0 1 1 -2 
16 0 1 0 1 0 0 0 1 0 0 0 1 -2 
16 0 0 1 1 0 1 0 0 0 0 0 0 1 -2 
16 1 0 0 1 0 0 0 1 0 0 0 0 0 1 -2 
16 0 1 0 0 0 1 0 0 0 0 0 0 0 0 0 1 -2 
16 0 1 0 0 1 1 0 0 1 1 -2 
16 0 0 1 1 0 1 0 0 0 0 0 0 0 1 -2 
16 1 1 0 0 1 0 0 0 0 0 0 0 0 0 0 0 1 -2 
16 0 0 1 1 0 0 1 0 0 0 0 0 1 -2 
16 0 1 1 0 0 0 1 1 0 0 1 -2 
16 1 0 1 0 0 0 0 0 1 0 0 0 0 1 -2 
16 1 0 0 1 0 0 0 0 1 0 0 0 1 -2 
16 0 0 1 1 1 1 0 0 0 0 0 0 0 1 -2 
16 1 1 0 1 1 0 0 0 0 0 0 0 0 1 -2 
16 1 0 0 0 0 0 0 0 1 0 0 0 0 0 0 0 0 0 0 0 0 1 -2 
16 0 0 1 0 1 1 0 0 0 1 1 -2 
16 0 0 0 1 1 1 0 1 0 0 0 1 -2 
16 1 1 0 1 1 0 0 0 0 1 1 -2 
16 1 1 0 0 0 1 1 1 0 0 0 1 -2 
16 1 0 1 1 0 1 0 1 1 -2 
16 1 0 0 1 0 1 0 0 0 0 0 0 1 -2 
16 1 1 0 1 0 0 0 0 0 1 0 1 -2 
16 0 0 1 1 1 1 1 0 0 0 1 -2 
16 0 1 0 1 1 1 0 0 0 0 1 -2 
16 0 0 0 0 0 0 0 1 1 0 0 0 0 0 0 0 0 0 1 -2 
16 0 0 1 1 1 0 1 1 1 -2 
16 1 0 0 0 0 0 1 0 0 0 0 0 0 0 0 0 0 1 -2 
16 0 0 0 1 1 0 0 0 0 0 1 1 1 -2 
16 0 0 0 0 1 1 0 0 0 0 0 0 0 0 0 0 0 1 -2 
16 0 0 0 0 0 0 0 0 0 0 0 0 0 0 0 0 0 0 1 1 -2 
16 1 0 0 0 1 0 0 0 0 0 1 1 1 -2 
16 1 1 0 0 0 1 0 0 0 0 1 1 -2 
16 0 0 1 1 1 0 0 0 0 0 1 1 -2 
16 1 1 1 1 0 0 0 0 0 0 0 0 0 1 -2 
16 1 1 0 0 0 0 0 0 1 0 0 0 0 1 -2 
16 0 0 0 1 1 1 0 1 0 1 -2 
16 0 0 1 0 1 0 0 0 0 1 1 -2 
16 1 1 0 0 0 1 1 1 0 1 -2 
16 1 0 1 1 0 0 0 1 0 1 -2 
16 0 1 0 1 0 0 0 0 0 0 0 0 0 1 -2 
16 1 0 0 1 1 0 0 0 0 1 1 -2 
16 0 1 0 1 0 0 0 0 0 0 0 0 0 0 1 -2 
16 1 1 1 0 1 0 0 0 0 0 0 0 1 -2 
16 0 1 0 0 1 1 1 1 1 -2 
16 0 0 1 0 0 0 1 0 0 1 1 -2 
16 1 1 0 1 0 0 0 0 0 0 0 0 0 1 -2 
16 1 1 1 1 0 0 0 1 0 1 -2 
16 0 1 0 1 1 0 0 0 0 0 0 0 1 -2 
16 1 1 1 0 0 0 0 0 1 0 0 0 1 -2 
16 0 1 1 1 0 0 0 0 0 0 1 1 -2 
16 1 0 0 0 0 1 1 1 0 0 1 -2 
16 1 1 0 1 0 0 0 1 1 1 -2 
16 0 0 1 1 0 1 0 0 0 0 0 1 -2 
16 1 0 0 0 0 0 0 0 0 0 0 0 0 0 0 0 1 -2 
16 1 1 1 1 0 0 0 0 0 0 0 0 0 0 1 -2 
16 0 1 0 0 1 1 0 0 0 0 0 1 -2 
16 1 0 0 0 1 1 1 0 0 0 0 1 -2 
16 1 0 0 0 1 1 0 1 0 1 -2 
16 1 0 0 1 1 0 0 0 0 0 0 0 0 1 -2 
16 0 1 1 0 0 0 0 0 0 0 0 0 0 0 0 0 1 -2 
16 0 1 0 1 0 0 0 0 0 0 0 1 1 -2 
16 0 1 1 0 1 0 0 0 0 0 0 0 1 -2 
16 0 0 0 1 0 0 1 1 0 0 0 1 -2 
16 0 1 1 0 0 1 0 1 1 -2 
16 1 1 0 0 0 1 0 0 0 0 0 0 0 0 1 -2 
16 1 1 1 0 0 1 0 1 1 -2 
16 1 0 0 0 0 1 0 0 0 0 0 0 0 0 0 1 -2 
16 0 1 0 0 0 0 0 0 0 0 0 0 0 0 0 1 1 -2 
16 0 0 0 1 0 0 0 1 1 0 0 1 -2 
16 0 1 1 0 0 0 0 0 0 1 0 1 -2 
16 0 1 1 0 0 0 0 1 0 0 1 -2 
16 1 0 1 0 0 1 0 0 0 0 0 1 -2 
16 1 1 0 0 0 1 1 0 0 0 0 0 1 -2 
16 1 0 1 0 0 0 0 1 0 0 0 1 -2 
16 1 0 1 0 0 0 1 1 0 1 -2 
16 0 0 0 0 0 1 1 0 0 0 0 0 0 0 0 1 -2 
16 1 1 1 0 0 0 0 0 1 0 1 -2 
16 0 0 0 0 0 0 0 0 0 1 0 0 0 0 0 0 0 1 -2 
16 0 0 1 1 1 0 0 0 1 1 -2 
16 0 0 1 1 0 0 0 0 0 0 0 0 0 1 -2 
16 0 1 0 0 0 0 0 0 0 0 0 0 0 0 0 0 0 0 1 -2 
16 0 1 1 0 0 0 0 0 1 0 1 -2 
16 0 0 0 0 0 0 0 1 0 0 0 0 0 0 0 0 0 1 -2 
16 0 1 1 0 0 0 0 1 1 1 -2 
16 1 0 0 0 1 1 0 0 1 1 -2 
16 0 0 0 0 0 0 1 0 0 0 0 0 0 0 0 0 0 1 -2 
16 0 0 1 0 0 0 1 0 0 0 0 0 1 -2 
16 1 1 0 0 0 1 0 0 0 1 1 -2 
16 1 1 0 1 0 0 0 0 0 1 1 -2 
16 0 1 1 0 0 0 0 0 0 0 0 1 1 -2 
16 1 0 0 0 0 1 1 0 0 0 0 0 1 -2 
16 0 0 0 0 0 0 1 0 0 0 0 0 0 0 0 0 0 0 1 -2 
16 0 1 0 0 1 0 0 0 1 1 -2 
16 0 0 0 0 1 1 0 0 0 0 0 0 0 0 1 -2 
16 1 1 0 0 0 0 0 0 1 0 0 0 1 -2 
16 0 0 0 1 1 1 0 0 0 0 0 0 0 1 -2 
16 0 0 0 1 1 0 0 0 0 0 0 0 0 0 0 1 -2 
16 0 0 0 1 0 0 1 0 0 0 0 1 -2 
16 1 0 0 0 0 1 1 0 1 1 -2 
16 0 0 1 1 0 0 0 0 0 0 0 1 1 -2 
16 1 1 0 0 0 0 0 1 0 0 0 0 0 1 -2 
16 1 0 0 0 1 0 1 0 0 1 -2 
16 1 0 0 0 0 0 1 1 0 0 0 0 0 1 -2 
16 0 1 0 0 0 1 0 0 1 1 -2 
16 0 1 1 1 0 0 0 0 0 0 0 0 1 -2 
16 1 1 0 0 0 1 1 0 0 0 1 -2 
17 0 0 0 0 0 0 0 1 0 0 0 0 0 0 0 0 0 0 1 -2 
17 0 0 0 1 1 1 1 0 0 1 -2 
