1195 0
72781 -1 -2 
10984 0 1 -2 
5016 1 1 -2 
2724 0 0 0 1 -2 
2493 0 1 1 -2 
1933 1 1 1 -2 
1904 1 1 0 1 -2 
1807 1 0 0 1 -2 
1806 1 0 1 -2 
1692 1 0 0 0 1 -2 
1353 0 1 0 1 -2 
1263 0 0 0 0 1 -2 
1225 1 0 1 1 -2 
1032 1 1 0 0 1 -2 
1021 1 1 1 1 -2 
846 1 1 0 1 1 -2 
760 0 0 1 1 -2 
748 0 1 0 0 1 -2 
692 0 1 1 1 -2 
641 0 0 0 0 0 0 1 -2 
638 1 0 0 0 0 0 1 -2 
634 0 0 0 1 1 -2 
629 1 0 0 1 1 -2 
613 1 1 0 0 0 0 1 -2 
567 1 1 1 0 1 -2 
556 1 0 0 0 0 1 -2 
545 0 1 0 0 0 0 0 1 -2 
514 1 1 0 0 0 1 -2 
476 1 0 1 0 1 -2 
447 1 1 1 0 0 0 1 -2 
445 0 1 0 0 0 0 1 -2 
429 0 1 1 0 1 -2 
427 1 1 1 0 0 1 -2 
386 1 1 0 0 0 0 0 1 -2 
380 0 1 0 1 1 -2 
345 1 0 1 1 1 -2 
342 1 0 1 0 0 1 -2 
340 1 0 1 1 0 1 -2 
340 1 0 0 0 1 1 -2 
325 1 1 1 0 1 1 -2 
318 0 0 1 0 1 -2 
313 1 1 0 0 1 1 -2 
308 0 1 0 0 0 1 -2 
306 1 0 1 0 0 0 1 -2 
292 1 1 1 1 1 -2 
278 1 1 1 0 0 0 0 1 -2 
276 0 1 1 0 0 0 1 -2 
273 1 1 1 1 0 0 0 1 -2 
273 1 0 0 0 0 0 0 1 -2 
268 1 1 0 1 0 0 1 -2 
268 1 0 0 1 0 0 1 -2 
250 1 0 0 1 0 1 -2 
245 1 1 1 1 0 0 1 -2 
242 1 1 1 1 0 1 -2 
229 0 1 1 0 0 1 -2 
221 1 1 1 1 0 1 1 -2 
218 1 1 0 0 0 1 1 -2 
217 1 1 0 1 0 0 0 1 -2 
217 1 1 0 1 0 1 -2 
217 1 0 1 0 0 0 0 1 -2 
217 0 1 0 0 1 1 -2 
210 0 0 1 0 0 0 1 -2 
208 0 1 1 0 0 0 0 1 -2 
206 0 0 1 0 0 1 -2 
204 1 1 0 1 1 0 1 -2 
204 0 1 1 1 1 -2 
203 1 0 1 1 0 0 1 -2 
201 0 0 1 1 1 -2 
191 0 0 0 1 0 0 1 -2 
186 0 0 0 1 0 1 -2 
183 1 0 0 0 0 1 1 -2 
178 0 1 0 1 0 1 -2 
170 0 1 0 1 0 0 1 -2 
170 0 1 1 0 1 1 -2 
168 1 0 1 0 1 1 -2 
164 1 1 0 1 1 1 -2 
162 1 1 0 0 1 0 1 -2 
154 1 1 1 0 0 1 1 -2 
154 0 1 0 1 0 0 0 1 -2 
153 1 0 0 1 1 1 -2 
152 1 0 0 1 0 0 0 1 -2 
150 0 0 1 0 0 0 0 1 -2 
145 0 1 1 1 0 0 1 -2 
144 0 1 1 1 0 0 0 1 -2 
143 0 1 1 1 0 1 -2 
141 0 0 1 1 0 0 1 -2 
141 1 1 0 0 0 0 1 1 -2 
137 0 1 1 0 0 0 0 0 1 -2 
135 0 1 0 0 1 0 1 -2 
134 1 1 1 1 1 0 1 1 -2 
134 0 0 1 1 0 1 -2 
126 1 0 1 1 0 0 0 1 -2 
125 1 1 1 0 0 0 1 1 -2 
124 0 0 0 1 0 0 0 1 -2 
120 1 0 1 0 0 1 1 -2 
118 1 0 1 1 0 1 1 -2 
115 1 1 1 1 0 0 1 1 -2 
115 1 0 0 1 1 0 1 -2 
113 1 1 0 1 0 1 1 -2 
113 1 1 1 0 1 0 1 -2 
113 1 1 1 1 1 1 -2 
112 0 0 1 1 0 0 0 1 -2 
111 1 0 1 1 1 1 -2 
109 0 1 0 0 0 1 1 -2 
108 1 0 0 0 1 0 1 -2 
107 0 0 0 0 1 0 1 -2 
106 0 0 1 0 1 1 -2 
103 1 1 1 0 0 0 0 0 1 -2 
102 0 1 0 0 0 0 1 1 -2 
99 0 1 0 0 0 0 0 0 1 -2 
98 1 1 1 1 1 0 1 -2 
93 1 1 0 1 0 0 1 1 -2 
90 1 0 0 0 0 0 1 1 -2 
89 1 0 0 0 1 0 0 1 -2 
87 1 1 0 1 1 0 0 1 -2 
87 1 1 0 0 1 0 0 1 -2 
86 0 1 1 0 1 0 1 -2 
85 1 0 0 1 0 1 1 -2 
84 0 1 1 0 0 1 1 -2 
83 1 1 0 0 0 0 0 0 1 -2 
80 1 1 0 1 1 0 1 1 -2 
80 1 1 1 0 1 0 0 1 -2 
78 1 1 1 1 1 0 0 1 -2 
77 0 0 1 0 0 1 1 -2 
76 0 1 1 1 0 1 1 -2 
76 1 1 1 0 1 1 1 -2 
74 0 0 1 0 0 0 0 0 1 -2 
72 1 0 0 1 1 0 0 1 -2 
72 0 1 1 0 0 0 1 1 -2 
67 0 1 0 1 1 0 1 -2 
67 0 1 0 1 0 1 1 -2 
67 1 1 0 0 1 1 1 -2 
66 1 0 1 0 1 0 0 1 -2 
66 0 1 0 0 1 0 0 1 -2 
66 0 0 1 1 0 1 1 -2 
66 1 0 1 0 0 0 1 1 -2 
65 0 1 1 1 1 1 -2 
63 1 0 0 1 0 0 1 1 -2 
62 0 1 0 1 0 0 1 1 -2 
62 0 0 0 1 1 0 1 -2 
61 0 0 1 0 0 0 1 1 -2 
61 0 0 0 0 1 0 0 1 -2 
60 0 0 1 0 1 0 1 -2 
60 0 1 0 1 1 1 -2 
59 1 0 1 1 1 0 1 -2 
56 1 1 0 1 0 0 0 0 1 -2 
56 1 0 1 0 1 0 1 -2 
55 1 0 1 1 0 0 1 1 -2 
54 1 1 1 1 0 0 0 0 1 -2 
53 1 1 0 1 1 0 0 0 1 -2 
53 0 1 1 1 0 0 1 1 -2 
51 0 1 1 1 1 0 0 1 -2 
49 0 0 1 1 1 1 -2 
47 0 1 0 1 1 0 0 1 -2 
47 0 0 0 1 0 0 1 1 -2 
46 1 0 1 0 1 1 1 -2 
46 0 1 1 0 1 1 1 -2 
45 1 0 0 1 1 0 0 0 1 -2 
45 1 0 1 1 0 0 0 0 1 -2 
45 0 1 1 1 1 0 1 -2 
45 0 0 0 1 1 0 0 1 -2 
44 1 1 0 0 1 0 0 0 1 -2 
43 0 1 1 0 1 0 0 1 -2 
42 0 0 0 1 0 1 1 -2 
41 1 0 1 1 1 0 0 1 -2 
41 1 1 1 0 1 0 0 0 1 -2 
41 0 1 1 1 0 0 0 0 1 -2 
40 0 0 1 1 1 0 1 -2 
39 1 0 0 1 0 0 0 0 1 -2 
38 1 1 0 0 0 0 0 0 0 1 -2 
37 0 0 1 1 0 0 1 1 -2 
36 1 1 0 1 1 1 1 -2 
35 0 0 1 0 1 0 0 1 -2 
35 1 0 1 0 0 0 0 0 1 -2 
35 0 1 0 0 0 0 0 1 1 -2 
35 0 0 0 1 0 0 0 0 0 0 0 1 -2 
34 1 1 1 1 1 1 1 -2 
33 1 1 1 0 1 0 0 0 0 1 -2 
33 1 1 1 1 0 0 0 1 1 -2 
32 1 1 1 0 0 0 0 1 1 -2 
32 0 1 0 1 0 0 0 0 1 -2 
31 1 0 1 1 1 0 1 1 -2 
31 1 0 1 0 0 0 0 0 0 0 1 -2 
31 0 1 0 0 1 1 1 -2 
30 1 1 1 1 1 0 0 0 0 1 -2 
30 1 1 0 0 1 0 1 1 -2 
29 1 1 1 1 0 1 1 1 -2 
29 1 1 1 0 0 1 0 1 -2 
29 0 1 0 0 1 0 0 0 1 -2 
29 0 0 1 1 0 0 0 0 1 -2 
29 1 1 1 0 0 0 0 0 0 1 -2 
29 1 1 0 0 0 1 0 1 -2 
28 1 1 1 1 1 0 0 0 1 -2 
28 0 1 0 0 1 0 1 1 -2 
28 1 0 1 1 1 1 1 -2 
28 0 0 1 1 1 0 0 1 -2 
27 0 1 0 1 1 0 0 0 1 -2 
27 1 0 1 1 0 0 0 0 0 0 1 -2 
27 1 0 1 0 0 0 0 0 0 1 -2 
27 1 1 0 0 0 0 0 1 1 -2 
26 1 1 1 0 1 0 1 1 -2 
26 1 0 0 1 1 0 1 1 -2 
26 1 1 1 1 0 0 0 0 0 1 -2 
26 1 0 0 1 1 1 1 -2 
26 1 0 0 0 1 0 0 0 1 -2 
25 0 1 1 1 0 0 0 1 1 -2 
25 0 1 1 0 0 0 0 0 0 1 -2 
25 0 0 1 0 0 0 0 0 0 1 -2 
24 1 1 1 0 1 1 0 0 0 1 -2 
24 1 1 0 1 0 1 0 1 -2 
24 0 1 0 1 0 1 0 1 -2 
24 0 1 1 1 0 1 0 1 -2 
24 1 1 0 0 1 1 0 0 0 1 -2 
24 1 1 1 0 0 1 1 1 -2 
24 0 1 0 1 0 0 0 0 0 1 -2 
23 1 1 1 1 0 1 0 1 -2 
23 1 1 0 1 1 0 0 0 0 1 -2 
23 0 1 1 1 1 0 1 1 -2 
23 0 1 0 1 1 0 1 1 -2 
23 1 0 1 0 0 0 0 1 1 -2 
23 0 0 1 0 1 1 1 -2 
22 0 0 1 1 1 0 1 1 -2 
22 1 0 1 0 0 1 1 1 -2 
22 1 1 0 0 0 1 1 1 -2 
21 0 1 1 0 1 0 0 0 1 -2 
21 1 0 0 0 1 0 1 1 -2 
21 0 1 0 0 0 1 0 1 -2 
20 1 1 0 1 0 0 0 1 1 -2 
20 0 0 1 0 1 0 0 0 1 -2 
20 0 1 1 1 1 1 1 -2 
19 1 0 1 0 1 0 1 1 -2 
19 1 1 0 1 0 0 0 0 0 1 -2 
19 0 0 1 1 0 0 0 1 1 -2 
19 1 0 0 0 0 1 0 1 -2 
18 1 1 0 1 1 1 0 0 1 -2 
18 0 1 1 0 0 1 0 0 0 1 -2 
18 1 1 1 1 0 0 0 0 0 0 1 -2 
18 1 0 1 1 0 0 0 1 1 -2 
18 1 1 1 0 0 0 1 0 1 -2 
18 0 0 1 1 0 0 0 0 0 0 0 1 -2 
18 1 0 1 1 0 0 0 0 0 1 -2 
18 0 1 1 1 0 0 0 0 0 1 -2 
18 0 0 0 1 1 0 1 1 -2 
17 1 1 1 1 1 0 0 1 1 -2 
17 1 1 1 0 1 1 0 0 1 -2 
17 1 0 1 1 0 1 0 1 -2 
17 0 1 1 0 0 0 0 1 1 -2 
17 1 1 1 0 0 0 0 0 0 0 1 -2 
16 1 1 0 0 1 1 0 0 1 -2 
16 1 0 1 0 0 1 0 1 -2 
16 1 1 1 0 0 0 1 1 1 -2 
16 0 1 1 0 0 1 0 1 -2 
16 1 1 0 0 0 1 0 0 1 -2 
16 0 0 0 1 0 0 0 0 0 0 0 0 1 -2 
15 0 1 0 1 1 0 0 0 0 1 -2 
15 1 1 0 0 1 0 0 0 0 1 -2 
15 1 0 0 1 0 0 0 0 0 0 1 -2 
15 0 1 0 1 1 1 1 -2 
15 1 1 0 0 0 0 1 0 1 -2 
15 0 1 1 0 0 0 0 0 0 0 1 -2 
15 0 0 1 0 0 0 0 1 1 -2 
14 0 1 0 0 1 1 0 0 0 1 -2 
14 1 0 1 1 0 1 1 1 -2 
14 1 1 0 1 0 1 1 1 -2 
14 1 1 0 1 1 1 0 1 -2 
14 0 1 1 1 1 0 0 0 0 1 -2 
14 0 1 1 1 1 0 0 0 1 -2 
14 0 1 1 1 0 0 0 0 0 0 1 -2 
14 1 0 0 1 0 0 0 1 1 -2 
14 0 1 0 0 0 1 1 1 -2 
13 1 1 1 0 0 1 1 0 0 0 1 -2 
13 1 1 1 1 0 1 0 0 0 1 -2 
13 1 0 1 0 1 1 0 0 0 1 -2 
13 0 1 1 0 1 1 0 0 0 1 -2 
13 1 1 1 0 1 1 0 1 -2 
13 1 0 1 0 1 0 0 0 0 1 -2 
13 0 1 1 0 1 0 1 1 -2 
13 0 1 1 0 1 0 0 0 0 0 1 -2 
13 1 0 1 0 0 1 0 0 0 1 -2 
13 1 0 0 1 0 0 0 0 0 0 0 1 -2 
12 1 1 0 1 0 1 0 0 1 -2 
12 1 1 1 0 0 1 0 0 0 0 1 -2 
12 1 1 0 0 1 0 1 0 1 -2 
12 0 1 1 0 0 0 1 1 0 1 -2 
12 1 1 1 1 1 1 0 1 -2 
12 0 1 1 0 1 0 0 0 0 1 -2 
12 1 1 1 0 0 1 0 0 0 1 -2 
12 1 1 0 0 1 0 0 1 1 -2 
12 0 1 0 1 0 0 0 0 0 0 1 -2 
12 1 0 1 1 1 0 0 0 1 -2 
12 0 1 0 1 0 0 0 1 1 -2 
12 1 1 1 1 0 0 0 0 0 0 0 1 -2 
12 0 1 1 0 0 0 1 0 1 -2 
12 1 0 1 1 0 0 0 0 0 0 0 1 -2 
12 1 1 0 1 0 0 0 0 0 0 1 -2 
12 0 0 1 0 0 1 0 1 -2 
12 1 1 0 0 0 1 0 0 0 1 -2 
12 0 0 1 1 1 1 1 -2 
12 0 0 1 1 0 0 0 0 0 1 -2 
12 1 0 0 0 0 1 0 0 1 -2 
12 1 0 0 0 1 1 0 1 -2 
11 1 1 1 1 1 0 1 1 1 -2 
11 1 1 1 1 0 0 1 0 0 1 -2 
11 0 1 1 1 1 0 1 0 1 -2 
11 1 1 1 1 1 1 0 0 0 1 -2 
11 1 0 1 0 0 1 0 0 1 -2 
11 0 1 1 0 1 1 0 1 -2 
11 0 1 0 0 1 0 0 0 0 1 -2 
11 1 1 0 1 0 0 0 0 0 0 0 1 -2 
11 1 1 0 0 1 1 0 1 -2 
11 1 0 0 1 0 1 0 1 -2 
11 1 0 0 1 0 0 0 0 0 1 -2 
10 1 1 0 0 0 0 1 0 0 0 0 0 0 0 0 0 1 -2 
10 1 1 0 1 1 0 0 1 1 -2 
10 0 0 0 0 0 0 0 0 0 0 0 0 0 0 0 0 0 0 0 0 0 0 0 1 -2 
10 1 1 0 0 1 1 0 0 0 0 1 -2 
10 0 1 0 1 1 1 0 0 1 -2 
10 1 1 1 0 1 0 0 0 0 0 1 -2 
10 1 0 1 1 1 0 0 0 0 1 -2 
10 1 0 0 1 1 1 0 0 1 -2 
10 1 0 0 1 1 1 0 1 -2 
10 1 0 1 0 1 0 0 0 1 -2 
10 1 1 0 0 1 1 1 1 -2 
10 0 1 1 0 0 1 1 1 -2 
10 0 1 0 0 0 1 0 0 1 -2 
10 0 0 1 1 0 0 0 0 0 0 1 -2 
10 0 1 1 0 0 0 0 0 1 1 -2 
10 1 0 0 0 1 0 0 0 0 0 1 -2 
10 1 0 0 0 1 0 0 0 0 1 -2 
9 1 1 0 1 0 0 1 0 0 0 0 1 -2 
9 1 1 1 0 1 1 1 0 1 -2 
9 1 0 1 1 1 0 0 1 1 -2 
9 1 0 1 0 1 0 0 0 0 0 0 1 -2 
9 0 1 1 0 1 1 0 0 1 -2 
9 1 1 1 0 1 0 0 1 1 -2 
9 1 0 1 0 0 1 0 0 0 0 1 -2 
9 1 0 1 0 0 0 1 0 0 1 -2 
9 1 0 0 1 1 0 0 1 1 -2 
9 1 0 0 1 1 0 0 0 0 0 0 1 -2 
9 0 1 1 0 0 0 1 0 0 0 1 -2 
9 1 1 1 1 1 0 0 0 0 0 1 -2 
9 0 0 1 1 1 0 0 0 0 0 0 1 -2 
9 0 0 0 0 0 0 1 0 0 0 0 0 0 0 0 0 0 1 -2 
9 1 1 0 1 1 1 1 1 -2 
9 1 1 1 1 1 1 1 1 -2 
9 0 0 1 0 1 0 1 1 -2 
9 1 0 0 0 1 0 0 0 0 0 0 0 0 1 -2 
9 1 1 0 0 0 1 0 0 0 0 1 -2 
9 0 0 1 1 1 0 0 0 0 0 1 -2 
9 0 0 1 1 1 0 0 0 1 -2 
9 1 1 1 0 0 0 0 0 0 0 0 1 -2 
9 0 1 0 0 0 0 1 1 1 -2 
9 1 1 1 0 0 0 0 0 1 1 -2 
9 1 1 0 0 0 0 0 0 0 0 0 0 1 -2 
9 1 0 0 0 0 1 0 0 0 1 -2 
8 0 0 0 0 0 0 1 1 0 0 0 0 0 0 0 0 0 0 0 0 0 0 0 0 0 0 0 0 0 0 0 0 1 -2 
8 1 1 0 1 0 0 1 0 0 0 1 -2 
8 1 1 0 1 0 1 0 0 0 0 1 -2 
8 1 1 1 0 1 1 0 0 0 0 1 -2 
8 0 1 1 1 0 0 1 0 1 -2 
8 0 1 1 1 0 1 0 0 0 1 -2 
8 1 0 0 0 0 0 0 0 0 0 0 0 0 0 0 0 1 -2 
8 1 0 1 1 1 0 0 0 0 0 0 0 1 -2 
8 0 1 0 1 1 0 0 1 1 -2 
8 1 1 1 1 1 0 0 0 1 1 -2 
8 0 1 0 1 0 1 0 0 0 1 -2 
8 1 1 1 0 1 0 0 0 0 0 0 1 -2 
8 1 1 0 1 1 0 0 0 1 1 -2 
8 0 1 1 1 0 1 1 1 -2 
8 1 0 1 1 1 1 0 1 -2 
8 1 1 1 0 0 0 1 0 0 1 -2 
8 1 0 1 0 1 1 0 1 -2 
8 0 0 0 0 0 0 1 0 0 0 0 0 0 0 0 0 0 0 1 -2 
8 0 1 0 1 1 1 0 1 -2 
8 0 0 1 1 1 0 0 0 0 0 0 0 1 -2 
8 0 0 1 0 1 1 0 0 0 1 -2 
8 0 1 1 0 0 1 0 0 1 -2 
8 1 1 0 1 0 0 0 0 0 0 0 0 1 -2 
8 1 1 0 0 0 1 1 0 1 -2 
8 0 1 0 1 0 0 0 0 0 0 0 1 -2 
8 1 1 0 0 1 0 0 0 0 0 1 -2 
8 0 1 0 0 0 0 1 0 0 1 -2 
8 1 0 0 0 1 0 0 0 0 0 0 1 -2 
8 1 0 0 0 1 0 0 1 1 -2 
8 0 0 0 1 0 0 0 0 0 0 0 1 1 -2 
8 0 0 0 1 1 0 0 0 0 0 0 0 1 -2 
7 1 1 0 0 0 0 0 0 0 0 0 0 0 0 0 0 0 1 -2 
7 1 1 1 1 0 0 1 0 0 0 0 1 -2 
7 0 1 0 1 1 0 1 0 1 -2 
7 1 1 0 1 1 0 1 0 1 -2 
7 1 0 1 1 1 0 1 1 1 -2 
7 0 1 1 1 0 0 1 0 0 0 1 -2 
7 1 1 1 0 0 1 1 0 0 1 -2 
7 1 0 1 1 1 1 0 0 0 0 1 -2 
7 1 1 1 1 1 1 0 0 0 0 1 -2 
7 1 1 1 0 1 0 1 1 1 -2 
7 1 1 1 1 1 0 1 0 1 -2 
7 1 1 1 1 0 1 0 0 0 0 1 -2 
7 1 1 1 1 0 0 1 1 1 -2 
7 1 1 0 1 0 0 1 0 1 -2 
7 1 1 1 1 0 1 0 0 1 -2 
7 1 0 0 1 1 1 0 1 1 -2 
7 1 0 1 0 1 0 0 0 0 0 0 0 1 -2 
7 1 0 0 1 0 1 0 0 0 0 0 1 -2 
7 1 0 1 1 0 1 0 0 0 1 -2 
7 1 1 0 1 1 1 0 0 0 1 -2 
7 1 0 1 1 1 0 0 0 0 0 0 1 -2 
7 0 1 1 1 1 1 0 0 0 1 -2 
7 1 0 1 1 1 0 0 0 0 0 1 -2 
7 0 1 0 0 1 1 0 0 1 -2 
7 0 1 0 0 0 1 0 0 1 1 -2 
7 0 0 1 0 1 1 0 0 1 -2 
7 0 1 1 0 0 0 1 0 0 1 -2 
7 1 0 0 0 1 1 0 1 1 -2 
7 1 0 0 1 0 0 0 0 0 0 0 0 1 -2 
7 0 0 1 0 1 0 0 0 0 1 -2 
7 1 1 0 0 0 0 1 0 0 0 1 -2 
7 1 0 0 1 1 0 0 0 0 1 -2 
7 0 1 0 0 0 0 1 0 1 -2 
7 1 0 0 0 1 1 0 0 1 -2 
7 1 0 0 0 0 1 0 0 0 0 1 -2 
6 1 1 1 0 1 0 1 0 0 0 0 1 -2 
6 1 1 1 1 0 1 1 0 0 0 1 -2 
6 1 1 1 0 1 1 1 0 0 1 -2 
6 1 1 0 1 0 1 1 0 0 0 1 -2 
6 0 1 1 1 0 1 1 0 0 0 1 -2 
6 1 1 1 0 1 1 1 0 0 0 1 -2 
6 1 1 1 0 1 0 1 0 0 1 -2 
6 1 0 1 1 0 1 0 0 0 0 1 -2 
6 0 1 0 0 0 0 0 0 0 0 0 0 0 0 0 0 0 0 1 1 -2 
6 1 1 1 1 0 0 1 0 0 0 1 -2 
6 1 1 0 1 1 0 1 1 1 -2 
6 1 1 1 0 0 1 1 0 1 -2 
6 0 1 1 1 1 0 0 1 1 -2 
6 0 1 1 0 1 0 0 1 1 -2 
6 1 1 1 1 1 0 0 0 0 0 0 1 -2 
6 1 0 1 1 1 1 0 0 1 -2 
6 1 1 1 1 0 0 1 0 1 -2 
6 1 1 0 1 0 1 0 0 0 1 -2 
6 0 1 0 1 1 1 1 1 -2 
6 0 1 1 1 1 1 0 1 -2 
6 1 0 0 1 1 0 0 0 0 0 0 0 1 -2 
6 1 1 1 0 1 1 1 1 -2 
6 1 0 1 0 1 0 0 0 0 0 1 -2 
6 1 0 0 0 0 0 0 0 0 0 0 0 0 0 0 0 0 0 1 -2 
6 0 0 0 0 0 0 1 0 0 0 0 0 0 0 0 0 1 -2 
6 0 1 0 1 1 0 0 0 0 0 1 -2 
6 1 1 1 0 0 1 0 0 1 -2 
6 0 1 0 0 1 0 0 0 0 0 0 1 -2 
6 1 1 0 0 0 1 0 0 1 1 -2 
6 0 1 0 0 0 1 1 0 0 1 -2 
6 1 0 0 0 0 1 1 0 0 0 1 -2 
6 0 0 1 1 0 0 0 0 0 0 0 0 1 -2 
6 0 1 1 1 0 0 0 0 0 0 0 1 -2 
6 1 1 0 0 0 0 1 0 0 1 -2 
6 0 0 0 0 0 0 0 0 0 0 0 0 0 0 0 0 0 0 1 -2 
6 0 1 0 0 1 1 0 1 -2 
6 0 0 1 1 0 1 0 1 -2 
6 1 0 0 1 0 1 1 1 -2 
6 0 0 1 0 0 1 0 0 1 -2 
6 0 0 1 1 0 1 1 1 -2 
6 0 1 1 0 0 0 0 0 0 0 0 1 -2 
6 0 0 1 0 0 1 1 1 -2 
6 1 0 0 0 1 0 0 0 0 0 0 0 1 -2 
6 1 0 0 0 1 1 0 0 0 1 -2 
6 0 0 0 0 0 0 0 0 0 0 0 0 0 0 0 0 1 1 -2 
5 1 0 0 0 0 1 0 0 0 0 0 0 0 0 0 0 0 0 0 0 0 0 0 0 0 0 0 1 -2 
5 0 0 0 1 0 0 0 0 0 0 0 0 0 0 0 0 0 0 0 0 0 0 0 0 1 -2 
5 1 1 1 0 0 1 0 1 0 0 1 -2 
5 1 1 1 1 1 1 1 0 0 0 0 1 -2 
5 1 1 1 1 1 1 0 0 1 1 -2 
5 1 0 1 0 1 1 1 0 0 1 -2 
5 1 1 1 1 0 0 0 1 0 0 1 -2 
5 1 1 1 0 1 1 0 1 1 -2 
5 1 1 0 1 0 0 1 0 0 1 -2 
5 1 0 1 0 1 0 1 0 1 -2 
5 0 1 1 0 1 0 1 0 1 -2 
5 1 0 1 0 1 1 0 0 0 0 1 -2 
5 1 0 1 1 0 1 1 0 1 -2 
5 0 1 1 1 0 0 1 0 0 1 -2 
5 0 1 1 1 1 1 0 0 0 0 1 -2 
5 0 1 1 0 1 1 0 0 0 0 1 -2 
5 1 0 1 0 0 1 1 0 0 0 1 -2 
5 0 1 0 1 0 1 0 0 0 0 1 -2 
5 1 0 1 0 1 1 0 0 1 -2 
5 1 1 1 0 0 0 0 1 0 0 1 -2 
5 1 0 1 1 0 0 1 0 1 -2 
5 0 1 0 1 0 0 1 0 1 -2 
5 0 1 0 0 1 1 1 0 1 -2 
5 1 1 1 0 1 0 0 0 1 1 -2 
5 1 0 1 1 0 0 0 0 0 0 1 1 -2 
5 0 1 1 1 1 0 0 0 1 1 -2 
5 0 1 1 0 0 1 1 0 1 -2 
5 1 0 0 1 1 1 0 0 0 0 0 1 -2 
5 1 1 0 0 1 1 0 0 0 0 0 1 -2 
5 1 0 0 1 0 1 0 0 0 0 1 -2 
5 0 1 1 0 0 1 0 0 0 0 0 1 -2 
5 0 1 1 0 0 1 0 0 0 0 1 -2 
5 0 1 1 0 1 0 0 0 1 1 -2 
5 0 1 0 1 1 0 0 0 0 0 0 1 -2 
5 0 1 1 0 1 0 0 0 0 0 0 0 1 -2 
5 1 1 0 0 1 0 0 0 1 1 -2 
5 1 1 0 0 0 0 1 1 0 1 -2 
5 1 0 0 1 0 0 0 0 0 0 0 0 0 1 -2 
5 1 0 1 1 0 0 0 0 0 0 0 0 1 -2 
5 0 0 1 0 0 1 0 0 0 0 1 -2 
5 0 0 1 0 1 0 0 1 1 -2 
5 1 0 1 1 0 0 0 0 0 1 1 -2 
5 1 1 1 0 0 0 1 0 0 0 1 -2 
5 1 1 0 1 0 0 0 0 1 1 -2 
5 0 0 1 0 0 1 0 0 0 0 0 1 -2 
5 0 1 1 1 1 0 0 0 0 0 1 -2 
5 1 0 0 1 0 1 0 0 1 -2 
5 0 0 1 1 1 0 0 1 1 -2 
5 0 1 0 0 0 0 1 0 0 0 0 1 -2 
5 1 0 0 0 1 1 0 0 0 0 0 0 1 -2 
5 0 0 1 1 1 0 0 0 0 1 -2 
5 1 0 0 0 1 0 0 0 0 1 1 -2 
5 0 0 1 0 0 1 0 0 0 1 -2 
5 0 1 0 0 0 1 0 0 0 0 1 -2 
5 0 0 1 0 1 1 0 1 -2 
5 1 0 0 1 1 0 0 0 0 0 1 -2 
5 1 0 0 0 1 1 0 0 0 0 0 1 -2 
5 0 1 1 0 0 0 1 1 1 -2 
5 1 1 0 0 0 1 0 0 0 0 0 1 -2 
5 0 1 0 0 0 0 0 1 0 0 1 -2 
5 0 0 0 0 1 0 0 0 0 0 0 0 0 1 -2 
5 0 0 0 0 0 1 0 0 0 0 0 0 0 0 1 -2 
5 1 1 0 0 0 0 0 1 0 1 -2 
5 1 0 1 0 0 0 0 0 0 0 0 1 -2 
5 1 1 0 0 0 0 1 1 1 -2 
4 1 0 0 1 0 0 0 0 0 0 0 1 0 0 0 0 0 0 0 0 0 0 0 0 0 1 -2 
4 0 0 0 1 0 0 0 0 0 0 0 1 1 0 0 0 0 0 0 0 0 0 0 0 0 1 -2 
4 1 0 0 0 0 0 0 0 0 0 0 0 0 1 0 0 0 0 0 0 0 0 0 0 0 0 0 1 -2 
4 1 1 0 1 0 1 0 1 0 0 1 -2 
4 1 1 1 0 0 0 0 1 0 0 0 0 0 0 0 0 0 0 0 1 -2 
4 1 1 0 0 0 1 1 0 0 0 0 0 0 0 0 0 0 1 -2 
4 1 0 1 1 0 0 1 0 0 0 1 1 -2 
4 1 1 1 0 1 0 1 0 0 0 0 0 1 -2 
4 1 1 0 1 1 0 1 0 0 0 0 1 -2 
4 1 0 1 1 0 1 1 0 0 0 0 1 -2 
4 1 1 1 0 0 0 0 0 0 0 0 0 0 0 0 0 0 1 -2 
4 1 0 1 0 0 1 1 0 0 0 0 1 -2 
4 1 1 1 0 0 1 1 1 0 1 -2 
4 1 1 0 1 1 0 0 0 0 0 0 0 0 0 1 -2 
4 0 1 1 1 1 1 1 0 0 0 1 -2 
4 1 1 1 1 0 1 0 0 1 1 -2 
4 1 0 1 1 0 1 0 0 0 0 0 0 1 -2 
4 0 1 0 0 0 0 1 0 0 0 0 0 0 0 0 0 0 1 -2 
4 1 1 1 1 1 0 1 0 0 1 -2 
4 0 1 0 1 0 0 1 0 0 0 0 1 -2 
4 0 0 1 0 0 1 0 0 0 0 0 0 0 0 0 0 1 -2 
4 1 1 0 1 1 0 1 0 0 0 1 -2 
4 1 1 1 1 1 1 0 0 0 0 0 0 1 -2 
4 1 1 1 0 1 0 1 0 0 0 1 -2 
4 1 0 1 0 0 1 0 0 0 0 0 0 1 -2 
4 0 0 0 0 0 0 0 0 0 0 0 0 0 0 0 0 0 0 0 0 0 0 0 0 1 -2 
4 0 1 1 0 0 0 0 0 0 0 0 0 0 0 0 0 0 0 0 1 -2 
4 1 1 1 0 0 1 0 0 0 1 1 -2 
4 1 1 1 1 0 0 0 0 1 0 1 -2 
4 0 0 0 0 0 0 0 0 0 0 0 1 0 0 0 0 0 0 0 0 0 0 0 1 -2 
4 1 1 0 0 1 1 1 0 0 1 -2 
4 0 1 1 0 1 0 1 1 1 -2 
4 1 0 0 1 0 1 1 0 0 0 1 -2 
4 1 1 0 1 0 0 0 1 0 0 1 -2 
4 1 1 0 1 0 1 0 1 1 -2 
4 1 0 0 1 0 0 1 0 0 0 0 0 1 -2 
4 1 1 1 0 1 0 1 0 1 -2 
4 0 1 0 0 1 1 1 0 0 0 1 -2 
4 1 0 1 1 0 0 1 0 0 0 1 -2 
4 1 1 0 1 1 0 0 0 0 0 0 0 0 1 -2 
4 0 1 1 1 0 1 0 0 0 0 1 -2 
4 1 0 0 0 1 1 0 0 0 0 0 0 0 0 0 1 -2 
4 0 0 0 0 0 0 0 0 0 0 0 0 1 0 0 0 0 0 0 0 0 0 0 0 1 -2 
4 0 1 1 0 1 1 0 1 1 -2 
4 1 1 1 0 0 0 0 1 0 0 0 1 -2 
4 0 1 0 0 1 1 0 1 1 -2 
4 0 1 1 1 0 1 0 0 1 -2 
4 0 1 0 0 1 1 0 0 0 0 1 -2 
4 0 1 1 0 0 0 1 0 0 0 0 1 -2 
4 0 0 1 0 1 0 1 0 1 -2 
4 1 0 1 0 1 0 0 0 1 1 -2 
4 1 1 1 1 0 0 0 1 0 1 -2 
4 1 1 1 1 1 0 0 0 0 0 0 0 1 -2 
4 1 0 0 1 1 0 0 0 0 0 0 0 0 1 -2 
4 0 1 1 1 1 0 0 0 0 0 0 0 1 -2 
4 1 0 1 1 0 0 0 0 0 0 0 0 0 1 -2 
4 1 0 1 0 0 1 0 0 0 0 0 1 -2 
4 0 1 0 1 1 0 0 0 1 1 -2 
4 0 0 1 0 1 0 0 0 0 0 0 1 -2 
4 1 0 0 1 0 0 1 1 1 -2 
4 1 0 0 1 0 0 0 0 0 0 0 1 1 -2 
4 0 0 1 1 0 0 0 0 0 0 1 1 -2 
4 0 0 1 1 0 0 0 0 0 0 0 0 0 1 -2 
4 1 1 0 0 0 0 1 0 0 0 0 1 -2 
4 1 1 0 0 0 1 1 0 0 1 -2 
4 1 1 0 0 1 0 0 0 0 0 0 1 -2 
4 0 0 1 1 0 0 1 0 1 -2 
4 1 1 1 1 0 0 0 0 1 1 -2 
4 0 1 1 1 0 0 0 0 1 1 -2 
4 0 1 1 1 0 0 0 0 0 0 0 0 1 -2 
4 1 0 0 1 0 0 1 0 1 -2 
4 1 1 0 0 1 0 0 0 0 0 0 0 1 -2 
4 0 1 1 0 0 0 0 1 0 1 -2 
4 0 1 0 1 0 0 0 0 0 1 1 -2 
4 0 0 1 0 1 0 0 0 0 0 1 -2 
4 0 1 0 0 0 0 1 0 0 0 1 -2 
4 0 0 1 1 1 1 0 1 -2 
4 0 1 0 0 0 0 0 0 0 0 0 0 0 0 0 1 -2 
4 0 1 1 0 0 0 0 0 0 0 0 0 1 -2 
4 1 0 0 0 0 1 1 0 0 1 -2 
4 0 1 0 0 1 0 0 0 0 0 1 -2 
4 1 0 1 0 0 0 1 0 1 -2 
4 1 0 1 0 0 0 0 0 0 0 0 0 1 -2 
4 1 1 1 0 0 0 0 0 0 1 1 -2 
4 1 0 0 0 1 1 1 0 1 -2 
4 1 0 0 1 1 1 1 1 -2 
4 1 0 0 1 0 0 0 0 1 1 -2 
4 0 0 0 1 0 1 0 0 0 0 1 -2 
4 0 0 0 0 0 1 0 0 0 0 0 0 0 0 0 0 0 1 -2 
4 1 1 0 0 0 0 0 1 0 0 1 -2 
4 1 0 1 0 0 0 0 0 0 1 1 -2 
3 1 0 1 0 0 0 0 0 0 0 1 1 0 0 0 0 0 0 0 0 0 0 0 1 -2 
3 0 0 1 0 0 0 0 0 0 0 1 1 0 0 0 0 0 0 0 0 0 0 0 1 -2 
3 1 0 1 1 1 0 1 1 0 0 0 0 0 0 1 -2 
3 1 0 0 0 1 0 0 0 0 0 0 0 0 0 0 0 0 0 0 0 0 0 0 0 0 1 -2 
3 0 0 0 0 1 0 0 0 0 0 0 0 0 0 0 0 0 0 0 0 0 0 0 0 0 0 0 1 -2 
3 0 0 0 1 1 0 0 0 0 0 0 0 1 0 0 0 0 0 0 0 0 0 0 0 1 -2 
3 1 0 0 0 1 0 0 0 0 0 0 0 0 0 0 0 0 0 0 0 0 0 0 0 0 0 1 -2 
3 1 0 0 1 0 0 0 0 0 0 0 0 0 0 0 0 0 0 0 0 0 0 0 1 -2 
3 0 0 0 1 0 0 0 0 0 0 0 0 1 0 0 0 0 0 0 0 0 0 0 0 0 1 -2 
3 1 1 1 0 0 1 1 0 0 0 0 0 0 0 0 0 0 1 -2 
3 0 0 1 0 1 0 1 0 0 0 0 0 0 0 0 0 1 -2 
3 1 0 1 0 0 0 0 0 0 0 0 0 0 0 0 0 0 0 0 0 0 0 0 0 1 -2 
3 0 0 0 0 1 0 0 0 0 0 0 0 0 0 0 0 0 0 0 0 0 0 0 0 0 0 1 -2 
3 1 1 1 0 1 0 1 1 0 0 0 0 1 -2 
3 1 1 1 1 0 1 0 1 0 0 1 -2 
3 0 1 1 0 0 0 0 0 1 0 0 0 0 0 0 0 0 0 0 1 -2 
3 0 1 1 1 0 1 0 1 0 0 1 -2 
3 1 1 1 1 1 1 0 0 1 0 1 -2 
3 1 0 1 1 0 1 0 0 0 0 0 0 0 0 0 0 0 1 -2 
3 1 0 1 1 0 1 1 0 0 0 0 0 0 1 -2 
3 1 0 1 1 0 0 1 1 0 0 0 0 0 1 -2 
3 1 1 1 1 0 1 1 1 0 0 1 -2 
3 0 0 1 0 0 0 0 0 0 0 0 0 0 0 0 0 0 0 0 0 0 0 0 1 -2 
3 1 1 1 0 0 0 0 0 0 0 0 0 0 0 0 0 0 0 1 -2 
3 1 1 0 1 0 1 1 1 0 0 1 -2 
3 1 0 1 0 1 0 1 0 0 0 0 0 1 -2 
3 1 1 1 1 0 0 1 1 0 0 0 1 -2 
3 1 0 0 0 0 0 0 0 0 0 0 0 0 0 0 0 0 0 0 0 0 0 0 0 0 1 -2 
3 1 1 0 0 0 0 0 0 0 0 0 0 0 0 0 0 1 1 -2 
3 1 0 0 1 1 0 0 1 0 0 0 0 0 1 -2 
3 0 1 1 1 0 1 1 0 0 0 0 0 1 -2 
3 0 1 0 1 0 0 1 0 0 1 1 -2 
3 1 1 0 1 1 1 0 1 0 1 -2 
3 1 1 1 1 1 0 0 1 0 0 0 1 -2 
3 1 1 1 1 1 0 0 0 0 0 1 0 1 -2 
3 1 1 1 1 0 0 1 1 0 0 1 -2 
3 1 1 1 1 0 1 0 0 0 0 0 0 0 0 1 -2 
3 1 1 1 1 0 1 1 0 0 0 0 1 -2 
3 1 1 1 0 0 0 1 0 0 0 0 0 0 0 0 0 0 0 1 -2 
3 1 0 0 0 0 0 0 0 0 0 1 0 0 0 0 0 0 0 0 0 0 0 0 1 -2 
3 1 0 0 1 0 0 1 1 0 0 0 0 0 1 -2 
3 0 1 0 1 0 1 1 0 0 0 0 0 1 -2 
3 0 1 1 0 0 0 0 0 0 0 0 0 0 0 0 0 0 1 -2 
3 1 0 1 1 1 0 1 0 0 0 0 0 1 -2 
3 1 1 1 0 1 0 1 0 1 1 -2 
3 0 1 1 0 1 0 0 1 0 1 -2 
3 1 1 1 1 0 1 0 0 0 1 1 -2 
3 1 1 1 1 0 1 1 0 0 1 -2 
3 0 1 1 1 1 0 0 0 0 0 0 0 0 0 1 -2 
3 1 1 0 1 1 1 1 0 0 0 1 -2 
3 1 0 1 1 0 1 1 0 0 1 -2 
3 1 1 0 1 0 1 0 0 0 0 0 0 1 -2 
3 1 1 1 0 1 1 0 0 1 1 -2 
3 0 1 1 0 0 0 0 0 0 0 0 0 0 0 0 0 1 1 -2 
3 1 0 1 1 1 1 1 0 0 0 1 -2 
3 0 1 0 1 0 1 1 0 0 1 -2 
3 1 1 1 0 1 0 0 0 0 0 0 0 0 0 0 1 -2 
3 1 1 0 1 1 1 0 0 1 1 -2 
3 1 0 1 0 1 1 0 0 1 1 -2 
3 1 1 0 1 0 1 1 0 0 1 -2 
3 0 1 0 0 0 0 1 0 0 0 0 0 0 0 0 0 1 -2 
3 0 1 0 0 0 0 1 0 0 0 0 0 0 0 0 0 0 0 1 -2 
3 1 0 0 0 1 0 1 1 0 0 0 0 0 1 -2 
3 0 1 0 0 1 0 1 0 0 0 0 1 -2 
3 1 1 0 0 0 0 1 0 0 0 0 0 0 0 0 0 0 0 1 -2 
3 0 1 1 0 1 1 0 0 1 1 -2 
3 1 0 0 0 0 1 1 0 0 0 0 0 0 0 0 0 1 -2 
3 1 1 0 0 1 1 0 0 0 0 0 0 0 0 1 -2 
3 0 0 0 0 1 1 1 0 0 0 0 0 0 0 0 0 0 1 -2 
3 0 1 1 0 0 1 1 0 0 0 0 1 -2 
3 1 0 0 1 1 0 0 0 0 0 0 0 1 1 -2 
3 0 1 1 1 1 1 0 0 0 0 0 1 -2 
3 1 1 1 0 0 0 0 1 0 0 0 0 1 -2 
3 0 1 0 1 1 0 0 0 0 1 1 -2 
3 1 1 1 1 1 1 0 0 0 0 0 1 -2 
3 1 1 1 0 1 0 0 0 0 1 1 -2 
3 1 0 1 0 0 0 1 1 0 0 0 1 -2 
3 1 1 0 0 1 0 1 0 0 0 1 -2 
3 0 1 1 1 0 0 0 1 0 0 1 -2 
3 0 1 1 0 1 1 0 0 0 0 0 1 -2 
3 1 1 0 1 0 0 0 1 0 0 0 1 -2 
3 0 0 1 1 0 1 1 0 0 1 -2 
3 1 0 1 1 0 0 0 1 0 0 1 -2 
3 1 1 1 1 0 0 0 1 0 0 0 1 -2 
3 0 0 1 1 1 0 0 0 0 0 0 0 0 0 0 1 -2 
3 0 0 0 0 0 0 1 1 0 0 0 0 0 0 0 0 0 1 -2 
3 1 0 1 0 1 1 0 0 0 0 0 1 -2 
3 1 1 0 1 0 1 0 0 0 0 0 1 -2 
3 0 1 1 1 0 0 0 1 0 0 0 1 -2 
3 1 0 0 0 1 1 0 0 0 0 0 0 0 0 0 0 0 1 -2 
3 1 0 0 1 0 1 1 0 0 1 -2 
3 1 1 0 0 0 1 0 1 0 0 1 -2 
3 0 1 0 0 0 0 0 0 0 0 0 0 0 0 0 0 1 -2 
3 1 1 0 1 1 1 0 0 0 0 1 -2 
3 1 0 1 1 1 1 0 1 1 -2 
3 1 0 1 1 0 1 0 0 0 0 0 1 -2 
3 1 1 0 0 0 1 1 1 0 0 1 -2 
3 1 0 1 0 1 1 0 1 1 -2 
3 0 1 0 1 1 1 0 1 1 -2 
3 0 0 1 0 1 1 1 0 0 1 -2 
3 0 1 0 0 1 0 0 0 0 0 0 0 0 0 0 0 1 -2 
3 0 0 1 1 0 0 0 1 0 0 0 0 1 -2 
3 1 1 1 0 0 1 0 0 0 0 0 1 -2 
3 1 0 1 1 1 1 0 0 0 1 -2 
3 1 0 1 1 0 0 0 0 0 0 0 0 0 0 1 -2 
3 0 1 0 0 1 0 0 0 0 0 0 0 0 1 -2 
3 1 0 0 0 0 0 1 0 0 0 0 0 0 0 0 0 1 -2 
3 0 1 1 1 0 0 1 1 1 -2 
3 0 1 1 0 0 0 0 1 0 0 0 1 -2 
3 0 1 0 0 0 1 0 0 0 0 1 1 -2 
3 1 0 0 1 0 0 1 0 0 0 1 -2 
3 0 1 1 0 1 0 0 0 0 0 0 1 -2 
3 1 0 0 0 1 1 0 0 0 0 0 0 0 0 1 -2 
3 1 1 0 0 1 0 0 0 0 0 0 0 0 1 -2 
3 1 0 1 1 0 1 0 0 1 -2 
3 1 1 1 0 0 1 1 1 1 -2 
3 1 1 0 0 1 1 1 0 1 -2 
3 1 1 0 0 1 0 0 0 0 1 1 -2 
3 1 1 0 1 1 0 0 0 0 0 0 1 -2 
3 1 1 0 1 0 0 0 1 1 1 -2 
3 1 0 1 0 1 0 0 1 1 -2 
3 1 0 0 0 0 1 0 0 0 0 0 0 0 0 0 1 -2 
3 1 1 0 1 0 0 0 0 0 0 0 0 0 0 0 1 -2 
3 1 1 1 1 1 1 0 0 1 -2 
3 1 1 0 0 1 1 0 1 1 -2 
3 0 0 1 0 0 1 1 0 0 0 1 -2 
3 0 0 1 0 1 0 0 0 0 1 1 -2 
3 1 1 0 0 0 0 1 1 0 0 0 1 -2 
3 1 0 1 0 0 0 1 1 0 1 -2 
3 0 0 1 0 1 1 0 0 0 0 1 -2 
3 1 0 0 1 1 1 0 0 0 1 -2 
3 1 0 0 0 0 1 0 0 0 0 0 0 0 0 1 -2 
3 1 0 1 1 1 1 1 1 -2 
3 0 1 0 1 0 1 1 1 -2 
3 0 0 0 1 1 0 0 0 0 0 0 1 1 -2 
3 0 1 1 0 0 0 0 0 1 1 1 -2 
3 0 0 0 0 0 0 0 0 0 0 0 0 0 0 0 0 0 1 1 -2 
3 0 1 0 0 0 0 0 0 0 0 0 0 0 0 0 0 0 0 1 -2 
3 0 0 1 0 0 0 1 1 0 1 -2 
3 0 1 0 0 1 0 0 1 1 -2 
3 1 0 0 0 1 0 0 0 0 0 0 0 0 0 1 -2 
3 1 0 0 0 1 0 0 0 0 0 0 0 0 0 0 1 -2 
3 1 1 0 0 0 0 0 0 0 0 0 0 0 0 0 0 0 0 1 -2 
3 0 1 0 0 0 1 0 0 0 0 0 0 1 -2 
3 0 1 0 0 0 1 1 0 0 0 1 -2 
3 0 1 0 0 1 0 0 0 1 1 -2 
3 1 0 0 0 0 1 0 0 0 0 1 1 -2 
3 0 0 1 1 0 0 0 0 0 0 0 0 0 0 0 1 -2 
3 1 1 0 1 1 0 0 0 0 0 1 -2 
3 1 0 1 0 1 1 1 1 -2 
3 0 0 1 1 1 1 0 0 0 1 -2 
3 1 1 0 0 0 1 1 0 0 0 1 -2 
3 1 1 1 1 0 0 0 0 0 0 0 0 1 -2 
3 1 1 1 1 0 0 0 0 0 1 1 -2 
3 0 0 0 0 1 1 0 0 0 0 0 0 1 -2 
3 0 0 0 1 0 1 0 0 0 0 0 1 -2 
3 0 1 1 0 0 0 0 0 0 0 1 1 -2 
3 1 0 0 0 0 1 0 0 0 0 0 0 0 1 -2 
3 0 1 0 0 0 0 0 1 0 0 0 1 -2 
3 1 1 0 0 0 0 0 0 0 0 0 0 0 0 0 1 -2 
3 0 0 0 1 1 1 0 0 0 0 1 -2 
3 0 0 0 1 1 0 1 0 1 -2 
3 0 0 1 0 0 0 1 0 0 1 -2 
3 1 0 1 0 0 0 1 1 1 -2 
3 0 0 0 1 1 0 0 0 0 0 0 0 0 1 -2 
2 1 1 0 0 0 0 1 1 0 0 0 0 0 0 0 0 0 1 0 0 0 0 0 0 0 0 0 0 0 0 0 0 1 -2 
2 0 1 0 0 0 0 0 1 0 0 0 0 0 0 0 0 0 0 1 0 0 0 0 0 0 0 0 0 0 0 0 0 0 1 -2 
2 0 1 1 0 0 0 0 0 1 0 0 0 0 0 0 0 0 0 0 0 1 0 0 0 0 0 0 0 0 0 0 0 0 0 1 -2 
2 0 0 1 0 0 0 1 1 1 0 0 0 0 0 0 0 0 0 0 0 0 0 0 0 0 0 0 0 0 0 0 0 1 -2 
2 1 0 0 0 0 1 0 0 0 0 0 0 0 0 0 0 1 0 0 0 0 0 0 0 0 0 0 0 0 0 0 1 -2 
2 0 1 0 0 0 1 1 0 0 0 0 0 0 0 0 0 0 0 0 0 0 0 0 0 0 0 0 0 0 0 0 0 0 1 -2 
2 1 0 0 0 0 0 0 0 0 0 0 0 0 0 0 1 0 0 0 0 0 0 0 0 0 0 0 0 0 0 1 -2 
2 0 1 0 0 0 0 0 0 1 0 0 0 0 0 0 0 0 0 0 0 0 0 0 0 0 0 0 0 0 0 0 0 0 1 -2 
2 1 0 0 1 0 0 1 0 0 0 0 1 0 0 0 0 0 0 0 0 0 0 0 0 0 1 -2 
2 0 1 0 0 0 0 0 1 0 0 0 0 0 0 0 0 0 0 0 0 0 0 0 0 0 0 0 0 0 0 0 0 0 1 -2 
2 1 1 0 1 0 0 0 0 0 1 0 0 0 0 0 0 0 0 0 0 0 1 0 0 1 -2 
2 0 1 0 1 0 1 0 0 0 0 0 0 1 0 0 0 0 0 0 0 0 0 0 0 1 -2 
2 0 1 0 0 0 0 1 0 0 0 0 0 0 0 0 0 0 0 0 0 0 0 0 0 0 0 0 0 0 0 0 1 -2 
2 1 0 0 0 0 0 0 0 0 0 0 0 0 0 1 0 0 0 0 0 0 0 0 0 0 0 0 0 0 1 -2 
2 0 1 0 0 0 0 0 0 0 0 0 0 0 0 0 0 0 0 1 0 0 0 0 0 0 0 0 0 0 0 0 0 1 -2 
2 0 1 1 0 0 1 0 0 0 0 0 0 0 0 0 0 0 0 0 0 0 0 0 0 1 -2 
2 1 0 0 0 0 1 0 0 0 0 0 0 0 1 0 0 0 0 0 0 0 0 0 0 0 0 0 1 -2 
2 1 1 0 0 1 0 0 0 0 0 1 1 0 0 0 0 0 0 0 0 0 0 0 0 1 -2 
2 1 1 1 0 1 0 1 1 0 0 0 0 0 0 0 0 0 0 1 -2 
2 0 0 0 0 0 0 0 1 0 0 0 0 0 0 0 0 0 0 0 0 0 0 0 0 0 0 0 0 0 0 0 0 1 -2 
2 1 0 0 0 1 1 0 0 0 0 0 0 0 0 0 0 0 0 0 0 0 0 0 0 0 0 0 1 -2 
2 1 1 0 1 0 0 1 1 0 0 0 0 0 0 0 0 0 0 1 -2 
2 1 1 1 0 0 1 1 0 0 0 0 0 0 0 0 0 0 1 1 -2 
2 1 0 0 1 1 1 0 1 1 0 0 0 0 0 0 1 -2 
2 1 1 1 0 0 1 1 0 1 0 0 0 0 0 0 0 1 -2 
2 1 0 0 0 1 0 0 0 0 1 0 0 0 0 0 0 0 0 0 0 0 0 0 1 -2 
2 0 1 1 1 0 0 0 1 0 0 0 0 0 0 0 0 0 1 1 -2 
2 0 1 0 1 0 0 0 0 0 0 0 0 0 0 0 0 0 0 1 1 -2 
2 1 0 1 1 0 0 0 0 0 0 1 0 0 0 0 0 0 0 0 0 0 0 0 1 -2 
2 1 1 0 0 0 0 0 0 0 0 0 0 0 0 0 0 0 0 0 0 0 0 0 0 0 0 0 0 0 0 1 -2 
2 1 0 0 1 0 1 1 1 0 0 0 0 0 0 0 0 1 -2 
2 1 1 0 0 0 0 0 0 0 0 0 0 0 0 0 0 0 0 0 0 0 0 0 0 0 0 0 1 -2 
2 1 1 0 0 1 0 0 0 0 0 1 0 0 0 0 1 1 -2 
2 0 0 1 1 0 0 0 0 0 0 0 1 0 0 0 0 0 0 0 0 0 0 0 1 -2 
2 0 1 0 0 0 1 0 0 0 0 1 1 0 0 0 0 0 1 -2 
2 0 0 0 1 0 0 0 0 0 0 0 1 0 0 0 0 0 0 0 0 0 0 0 0 0 1 -2 
2 0 1 0 0 0 1 1 0 0 0 1 0 0 0 0 0 0 0 1 -2 
2 1 0 0 1 0 0 0 0 0 0 0 1 0 0 0 0 0 0 0 0 0 0 0 1 -2 
2 1 1 0 0 1 0 0 0 0 0 0 0 0 0 0 0 0 0 0 1 -2 
2 1 0 1 0 0 0 0 0 0 0 0 1 0 0 0 0 0 0 0 0 0 0 0 1 -2 
2 0 0 0 1 1 0 0 0 0 0 0 0 0 0 0 0 0 0 0 0 0 0 0 0 0 1 -2 
2 0 0 0 1 0 0 0 0 0 0 0 1 1 0 0 0 0 0 0 0 0 0 0 0 1 -2 
2 1 0 1 1 0 0 0 0 0 0 0 0 0 0 0 0 0 0 0 0 0 0 0 1 -2 
2 0 1 1 0 1 0 1 0 1 0 0 1 -2 
2 0 1 0 1 1 0 1 0 0 0 0 0 0 0 0 0 0 1 -2 
2 0 0 1 1 0 0 0 0 0 0 0 0 0 0 0 0 0 0 0 0 0 0 0 1 -2 
2 0 1 0 0 0 0 0 0 1 0 0 0 0 0 0 0 0 0 1 1 -2 
2 1 0 0 0 1 1 0 0 0 1 1 0 0 0 0 1 -2 
2 1 0 1 0 0 1 0 1 0 0 0 0 0 0 0 1 -2 
2 1 0 0 0 0 0 0 0 0 0 0 1 0 0 0 0 0 0 0 0 0 0 0 1 1 -2 
2 0 0 0 0 0 1 0 0 0 0 0 0 0 0 0 0 1 0 0 0 0 0 0 1 -2 
2 1 1 1 1 1 0 0 0 0 1 0 0 0 0 1 -2 
2 0 1 1 0 1 1 1 1 0 0 0 0 0 1 -2 
2 1 1 0 0 1 0 0 0 1 0 0 0 0 0 0 0 0 1 -2 
2 0 0 0 1 0 1 0 1 0 0 0 0 0 0 0 0 0 0 1 -2 
2 1 1 1 1 1 1 1 0 1 0 1 -2 
2 1 0 0 0 1 0 0 0 0 0 0 0 0 0 0 0 0 0 0 0 0 0 0 1 -2 
2 1 0 1 0 0 0 0 0 0 0 1 0 0 0 0 0 0 0 0 0 0 0 1 -2 
2 0 0 1 1 1 0 0 0 0 1 0 0 1 1 -2 
2 0 1 1 0 0 1 1 0 0 0 0 0 0 0 0 0 1 -2 
2 1 1 1 1 0 0 0 0 0 0 0 0 0 0 0 0 0 0 1 -2 
2 0 1 1 1 0 1 1 0 0 0 0 0 0 0 0 1 -2 
2 1 1 1 1 0 1 0 1 0 1 1 -2 
2 0 1 0 0 1 1 1 0 0 0 0 0 0 0 0 0 0 1 -2 
2 0 0 0 1 0 0 0 0 0 0 0 0 0 0 0 0 0 0 0 0 0 0 0 0 0 0 1 -2 
2 0 0 0 0 1 0 0 0 0 0 0 0 0 0 0 0 0 0 0 0 0 0 0 0 0 1 -2 
2 1 0 1 0 1 0 1 0 1 0 1 -2 
2 1 1 1 0 0 0 1 1 0 0 0 0 0 0 0 0 0 0 0 1 -2 
2 0 0 0 0 0 0 0 0 0 0 1 1 0 0 0 0 0 0 0 0 0 0 0 1 1 -2 
2 1 1 1 0 0 0 1 1 0 0 0 0 0 0 0 0 0 1 -2 
2 1 0 1 0 0 0 0 0 0 0 0 0 0 0 0 0 0 0 0 0 0 0 0 1 -2 
2 1 1 1 0 0 0 1 1 0 0 0 0 0 0 0 0 0 0 1 -2 
2 1 1 0 1 0 0 1 0 0 0 0 0 0 0 0 0 0 0 1 -2 
2 1 1 1 0 1 0 1 0 0 0 0 1 1 -2 
2 1 1 1 1 0 0 1 1 0 0 0 1 1 -2 
2 1 1 0 1 0 0 0 0 0 0 0 0 0 0 0 0 0 0 1 -2 
2 1 1 0 0 0 0 1 1 0 0 0 0 0 0 0 0 0 0 0 1 -2 
2 1 0 1 0 1 0 1 1 0 0 0 1 -2 
2 1 1 0 1 1 1 0 0 0 0 0 0 0 0 0 1 -2 
2 1 1 1 1 1 1 0 0 0 0 0 0 0 0 0 0 0 1 -2 
2 1 1 0 1 0 1 0 0 0 0 0 0 0 0 0 1 -2 
2 1 1 1 1 0 1 1 0 0 1 1 -2 
2 1 1 1 0 0 0 0 0 1 0 0 0 0 0 0 0 0 0 0 1 -2 
2 0 0 0 0 0 0 0 1 0 0 1 0 0 0 0 0 0 0 0 0 1 -2 
2 1 1 0 1 1 1 1 0 0 0 0 0 0 0 1 -2 
2 1 0 0 1 0 0 0 0 0 0 0 0 0 0 0 0 0 0 1 -2 
2 1 0 1 1 1 0 1 1 0 0 0 1 -2 
2 1 1 1 0 1 1 0 0 0 0 0 0 0 0 0 0 1 -2 
2 1 0 0 0 0 1 0 1 0 0 0 0 0 0 0 0 0 1 -2 
2 0 1 1 0 1 1 0 0 0 0 0 0 0 0 0 0 0 1 -2 
2 0 1 0 0 1 1 0 1 0 0 0 0 0 1 -2 
2 0 1 1 0 1 1 0 0 0 0 0 0 0 0 0 0 1 -2 
2 1 1 1 0 1 1 1 0 0 1 1 -2 
2 1 1 1 1 1 1 0 1 0 0 0 1 -2 
2 0 1 1 1 1 0 1 1 0 0 0 1 -2 
2 1 1 1 0 0 0 0 0 0 0 0 0 0 0 0 0 0 0 0 0 0 1 -2 
2 1 1 1 0 1 0 0 1 0 0 0 0 1 -2 
2 0 1 1 1 0 1 1 0 0 1 1 -2 
2 1 0 0 0 0 0 0 0 0 0 0 0 0 0 0 0 0 0 0 0 0 0 0 0 0 0 1 -2 
2 1 1 1 0 1 0 1 1 0 0 0 1 -2 
2 1 1 1 0 0 1 0 1 0 0 0 0 0 1 -2 
2 1 1 1 1 1 0 0 1 0 0 0 0 0 1 -2 
2 1 1 0 0 0 0 1 1 0 0 0 0 0 0 0 0 0 0 1 -2 
2 1 1 0 1 1 0 1 0 0 0 1 1 -2 
2 0 1 0 0 0 0 1 1 0 0 0 0 0 0 0 0 0 0 1 -2 
2 0 0 1 0 0 0 0 0 0 1 0 0 0 0 0 0 0 0 0 0 0 0 1 -2 
2 0 1 1 0 0 0 0 0 0 0 0 0 0 0 0 0 0 0 0 0 0 0 1 -2 
2 1 0 1 0 1 0 0 1 0 0 0 0 0 1 -2 
2 0 0 1 1 1 0 1 1 0 0 0 0 0 1 -2 
2 1 1 0 0 0 0 1 0 0 0 0 0 0 0 0 0 0 1 1 -2 
2 1 0 1 0 0 0 1 0 0 0 0 0 0 0 0 0 1 -2 
2 1 0 1 0 0 1 1 1 0 0 1 -2 
2 0 0 0 0 0 1 1 0 0 0 1 0 0 0 0 0 0 0 1 -2 
2 0 1 0 0 1 1 1 0 0 0 0 0 0 0 1 -2 
2 0 1 1 0 1 1 1 0 0 0 0 1 -2 
2 1 1 1 1 0 1 0 0 0 0 1 1 -2 
2 0 1 1 1 0 1 1 1 0 1 -2 
2 1 1 0 1 0 1 1 0 0 0 0 1 -2 
2 0 1 1 0 0 0 0 0 0 0 0 0 0 0 0 0 0 0 0 0 1 -2 
2 1 1 0 1 1 1 1 0 0 0 0 1 -2 
2 1 0 1 1 0 1 0 1 0 1 -2 
2 1 1 0 0 0 1 1 0 0 0 0 0 0 0 0 0 1 -2 
2 1 0 1 0 1 1 0 0 0 0 0 0 0 0 1 -2 
2 1 1 0 0 0 1 1 0 0 0 0 0 0 0 0 0 0 0 1 -2 
2 1 0 1 1 0 1 0 1 1 1 -2 
2 1 0 1 1 1 0 1 0 0 0 0 1 -2 
2 1 0 0 1 1 0 1 0 0 0 0 0 0 0 1 -2 
2 1 1 0 1 1 0 1 0 1 1 -2 
2 0 1 0 0 0 0 0 0 0 0 0 0 0 0 0 0 1 1 -2 
2 1 1 1 0 1 1 0 1 1 1 -2 
2 1 0 1 1 1 0 0 0 0 1 0 1 -2 
2 0 0 1 1 1 1 1 1 0 0 0 1 -2 
2 0 1 1 0 0 1 0 0 0 0 0 0 0 0 0 1 -2 
2 1 1 0 0 0 0 0 0 1 0 0 0 0 0 0 0 0 0 0 0 0 1 -2 
2 1 0 0 1 1 0 1 0 0 0 0 0 0 1 -2 
2 0 0 1 0 1 0 1 1 0 0 0 1 -2 
2 1 1 0 0 1 1 0 0 0 0 0 0 0 0 0 0 1 -2 
2 1 0 1 1 1 1 1 0 0 0 0 0 1 -2 
2 1 0 0 0 0 0 0 0 0 0 0 0 1 0 0 0 0 0 0 0 0 0 0 0 1 -2 
2 0 0 1 0 1 0 1 0 0 0 0 0 0 0 1 -2 
2 0 1 1 0 1 0 1 0 0 0 0 0 1 -2 
2 0 1 0 0 0 1 0 1 0 0 0 0 0 0 0 1 -2 
2 0 1 1 1 0 1 0 1 0 1 -2 
2 1 1 1 0 1 1 1 0 0 0 0 1 -2 
2 1 0 1 1 1 0 0 1 0 0 1 -2 
2 1 1 0 1 0 0 1 1 0 0 0 1 -2 
2 1 0 0 1 1 1 0 0 0 0 0 0 0 0 0 1 -2 
2 1 1 1 0 0 0 1 1 1 0 0 0 1 -2 
2 0 1 0 0 0 1 1 0 0 0 0 0 0 0 0 0 0 1 -2 
2 1 1 1 0 0 1 1 1 0 0 0 1 -2 
2 1 0 0 0 0 0 0 0 0 0 0 0 1 0 0 0 0 0 0 0 0 0 0 0 0 1 -2 
2 0 1 1 0 1 0 0 1 0 0 0 1 -2 
2 0 1 1 1 0 1 1 0 0 0 0 1 -2 
2 0 1 0 0 0 0 0 0 1 0 0 0 0 0 0 0 0 0 0 1 -2 
2 1 1 1 1 1 1 0 0 0 0 0 0 0 0 1 -2 
2 0 1 1 0 0 0 1 0 0 0 0 0 0 0 0 0 1 -2 
2 1 1 0 0 0 1 0 0 0 0 0 0 0 0 0 0 1 1 -2 
2 1 1 1 1 0 1 0 1 0 1 -2 
2 1 0 1 0 1 0 0 1 0 0 0 1 -2 
2 0 0 1 1 1 0 1 1 0 0 0 1 -2 
2 1 0 1 1 1 1 0 1 0 1 -2 
2 0 1 0 0 0 1 0 0 0 0 0 0 0 0 0 0 1 1 -2 
2 1 1 0 1 0 1 1 0 0 0 0 0 1 -2 
2 1 1 1 0 0 0 0 0 0 0 0 0 0 0 0 0 0 0 0 0 1 -2 
2 0 0 0 1 1 0 1 0 0 0 0 0 0 0 0 0 1 -2 
2 0 1 0 1 0 0 1 0 0 0 0 0 0 1 -2 
2 0 1 0 0 0 1 1 0 0 0 0 0 0 0 0 0 1 -2 
2 1 0 0 0 0 0 0 0 0 0 0 1 0 0 0 0 0 0 0 0 0 0 0 1 -2 
2 1 1 1 1 1 0 1 1 0 1 -2 
2 0 0 1 1 1 0 1 0 0 0 0 0 0 0 1 -2 
2 1 1 0 0 1 1 0 0 0 0 0 0 0 0 0 1 -2 
2 1 1 0 0 1 0 0 1 0 0 0 0 0 1 -2 
2 0 1 0 0 1 0 0 0 0 0 0 0 0 0 0 1 1 -2 
2 0 0 0 0 0 0 0 0 0 0 0 1 1 0 0 0 0 0 0 0 0 0 0 0 1 -2 
2 1 1 1 1 0 1 1 0 0 0 0 0 1 -2 
2 1 0 1 1 0 1 1 0 0 0 0 0 1 -2 
2 1 1 0 1 1 0 0 1 0 0 0 1 -2 
2 1 1 0 0 1 1 1 0 1 1 -2 
2 0 1 1 0 0 1 0 1 0 1 -2 
2 1 1 1 0 1 0 0 1 0 1 -2 
2 1 1 0 0 1 0 1 0 0 0 0 1 -2 
2 0 0 1 0 0 0 0 0 0 0 0 0 0 0 0 0 0 1 -2 
2 1 0 0 1 1 0 0 1 0 0 0 1 -2 
2 1 0 0 1 1 1 0 0 0 0 0 0 0 0 1 -2 
2 1 0 1 1 0 0 0 1 0 1 1 -2 
2 0 1 1 1 0 1 1 0 0 1 -2 
2 0 1 0 1 1 0 1 0 0 1 -2 
2 0 1 0 0 0 0 0 0 0 0 0 0 0 0 0 0 0 0 0 0 1 -2 
2 0 1 1 0 1 1 1 0 0 1 -2 
2 1 1 1 1 1 1 1 0 0 1 -2 
2 0 1 1 1 0 0 1 0 0 0 0 0 1 -2 
2 1 0 0 1 1 0 0 0 1 0 0 1 -2 
2 1 1 0 1 1 0 0 0 1 1 1 -2 
2 1 1 1 1 0 0 1 1 0 1 -2 
2 1 0 0 0 0 0 0 0 0 1 0 0 0 0 0 0 0 0 0 1 -2 
2 1 0 1 1 0 0 1 0 0 0 0 0 1 -2 
2 1 1 1 1 0 0 1 0 0 0 0 0 1 -2 
2 1 0 0 1 1 1 0 0 0 0 1 1 -2 
2 0 1 1 1 0 1 0 0 0 1 1 -2 
2 1 1 1 1 1 0 0 0 1 1 1 -2 
2 1 0 1 0 0 1 0 0 0 0 1 1 -2 
2 1 1 0 1 1 1 0 0 0 0 0 0 1 -2 
2 0 1 1 1 1 1 0 0 1 1 -2 
2 0 1 1 0 1 0 0 0 1 0 1 -2 
2 1 0 1 0 1 0 1 0 0 1 -2 
2 0 1 1 1 0 0 0 1 1 0 1 -2 
2 0 1 1 0 0 1 0 0 0 0 0 0 0 0 1 -2 
2 0 1 1 1 0 0 1 0 0 0 0 1 -2 
2 1 0 1 1 0 1 1 0 0 0 1 -2 
2 1 1 0 1 1 0 0 1 0 1 -2 
2 1 0 0 1 0 0 0 0 0 1 0 0 0 0 1 -2 
2 1 1 1 0 1 0 0 1 1 1 -2 
2 1 0 0 0 0 1 1 0 0 0 0 0 0 0 0 0 0 0 1 -2 
2 1 0 0 1 0 1 1 0 0 0 0 1 -2 
2 1 0 0 0 0 0 0 0 0 0 0 0 0 0 0 0 0 0 0 0 0 0 0 0 1 -2 
2 0 1 1 0 1 1 1 0 0 0 1 -2 
2 0 1 0 1 1 1 1 0 0 1 -2 
2 1 0 1 0 1 0 0 0 0 0 0 0 0 0 0 1 -2 
2 1 1 0 1 0 0 1 1 0 1 -2 
2 0 0 1 1 0 1 1 0 0 0 0 1 -2 
2 0 1 1 0 1 1 0 0 0 0 0 0 0 1 -2 
2 1 0 0 1 0 0 1 1 0 0 0 1 -2 
2 1 0 0 1 0 1 1 0 0 0 0 0 1 -2 
2 1 0 1 1 0 0 0 0 0 0 0 0 0 0 0 0 0 1 -2 
2 1 1 0 1 1 0 0 0 0 0 0 0 0 0 0 0 1 -2 
2 1 1 1 1 1 1 0 0 0 0 0 0 0 1 -2 
2 0 1 0 1 0 0 0 1 0 0 0 0 1 -2 
2 1 0 0 1 0 1 1 1 0 1 -2 
2 1 0 1 1 0 0 1 0 0 0 0 1 -2 
2 0 0 0 0 1 0 1 1 0 0 0 0 0 0 1 -2 
2 1 1 1 0 0 1 1 0 0 0 0 1 -2 
2 0 1 0 0 1 1 1 0 1 1 -2 
2 1 1 0 1 1 1 0 0 0 0 0 0 0 1 -2 
2 1 0 1 1 1 1 0 0 0 0 0 0 1 -2 
2 1 1 1 0 0 0 0 1 1 0 0 1 -2 
2 0 1 0 0 0 0 0 1 0 0 0 0 0 0 0 0 0 1 -2 
2 1 1 1 0 1 0 0 0 0 0 0 0 0 0 1 -2 
2 1 1 1 1 0 0 0 1 0 0 0 0 1 -2 
2 0 1 0 1 1 1 0 0 0 1 1 -2 
2 1 1 1 1 0 1 0 0 0 0 0 0 1 -2 
2 1 0 0 0 0 0 0 0 0 1 0 0 0 0 0 0 0 0 0 0 0 1 -2 
2 1 1 0 0 1 1 1 0 0 0 0 0 1 -2 
2 1 1 0 0 1 1 0 1 0 1 -2 
2 1 1 0 0 0 0 0 1 0 0 0 0 0 0 0 0 0 0 0 1 -2 
2 1 1 0 1 1 1 0 0 0 1 1 -2 
2 1 0 1 0 1 0 0 0 0 0 0 0 0 0 0 0 1 -2 
2 0 1 1 0 1 0 0 0 1 1 1 -2 
2 1 0 1 1 0 0 0 0 0 1 0 0 0 1 -2 
2 1 1 0 1 0 0 0 0 0 0 0 0 0 1 1 -2 
2 1 1 1 0 0 1 1 0 0 0 0 0 1 -2 
2 0 0 1 0 0 1 1 0 0 0 0 0 0 1 -2 
2 1 1 0 1 0 0 0 1 0 0 0 0 1 -2 
2 1 0 0 0 0 0 1 0 0 0 0 0 0 0 0 0 1 1 -2 
2 1 1 0 0 0 0 1 0 0 0 0 0 0 0 0 0 0 1 -2 
2 0 0 1 0 0 1 1 0 0 1 1 -2 
2 1 1 1 0 0 0 0 0 0 0 0 0 0 0 0 0 0 0 0 1 -2 
2 0 0 1 1 0 1 1 0 0 0 1 -2 
2 0 1 0 0 1 0 1 0 0 0 1 -2 
2 0 1 1 1 1 0 1 1 1 -2 
2 0 0 0 1 1 0 0 1 0 0 0 0 0 1 -2 
2 1 1 0 0 0 1 0 0 0 0 0 0 0 0 0 0 1 -2 
2 0 0 1 1 1 0 1 0 0 0 1 -2 
2 1 0 1 1 0 1 1 1 1 -2 
2 0 0 1 0 0 0 0 1 0 0 1 1 -2 
2 1 1 0 0 1 0 1 0 0 1 -2 
2 1 0 1 0 0 1 0 0 1 1 -2 
2 0 0 0 1 0 1 0 0 0 0 0 0 0 0 0 1 -2 
2 0 0 1 1 0 1 0 0 1 1 -2 
2 1 0 0 0 1 0 1 0 0 0 0 0 0 1 -2 
2 1 0 1 0 1 0 0 0 0 0 1 1 -2 
2 0 0 1 0 0 1 1 0 0 0 0 1 -2 
2 0 1 0 1 0 0 0 1 0 0 1 -2 
2 0 1 0 0 1 0 1 0 0 1 -2 
2 1 1 1 0 0 0 1 1 0 0 0 1 -2 
2 1 0 0 0 0 0 0 1 0 0 0 0 0 0 0 0 0 0 1 -2 
2 0 0 1 1 1 1 0 0 0 0 0 0 1 -2 
2 1 0 1 0 0 0 0 1 0 0 0 0 1 -2 
2 1 1 0 0 0 1 0 0 0 0 0 0 0 0 0 0 0 1 -2 
2 1 0 0 1 1 0 0 0 0 0 0 1 1 -2 
2 1 0 1 1 0 0 0 1 0 0 0 1 -2 
2 0 1 1 0 1 0 0 0 0 1 1 -2 
2 0 1 1 0 0 1 0 0 0 1 1 -2 
2 1 0 0 1 1 0 0 0 0 0 0 0 0 0 0 1 -2 
2 1 1 1 0 0 1 0 0 0 0 0 0 1 -2 
2 1 1 0 0 1 0 0 0 1 0 1 -2 
2 1 1 1 1 1 0 0 0 0 0 0 0 0 1 -2 
2 1 1 0 0 0 0 1 1 1 0 1 -2 
2 1 1 0 1 1 0 0 0 0 1 1 -2 
2 0 1 1 0 0 1 1 0 0 1 -2 
2 1 1 1 0 0 0 1 0 0 1 1 -2 
2 1 1 1 0 0 1 0 0 1 1 -2 
2 1 1 0 1 1 0 0 0 0 0 1 1 -2 
2 1 1 1 1 1 0 0 0 0 1 1 -2 
2 1 1 1 1 0 1 0 0 0 0 0 1 -2 
2 1 0 0 1 0 1 0 0 1 1 -2 
2 1 0 0 1 0 0 1 0 0 0 0 1 -2 
2 1 0 1 0 0 1 0 0 0 1 1 -2 
2 1 0 1 1 0 0 0 0 1 1 1 -2 
2 1 0 1 0 0 0 1 1 0 0 1 -2 
2 0 0 1 1 0 1 0 0 0 0 0 0 1 -2 
2 1 1 1 1 0 0 0 0 1 1 1 -2 
2 1 1 1 1 0 1 1 0 1 -2 
2 1 1 1 0 0 0 1 0 0 0 1 1 -2 
2 0 1 1 1 0 1 1 0 1 -2 
2 1 1 1 1 1 1 0 1 1 -2 
2 0 1 1 1 0 1 0 0 0 0 0 1 -2 
2 0 0 0 0 0 0 0 0 0 0 1 0 0 0 0 0 0 0 0 0 0 0 0 1 -2 
2 1 0 1 1 1 1 0 0 0 0 0 1 -2 
2 1 0 1 0 0 1 1 0 0 1 -2 
2 0 1 0 1 1 0 1 1 1 -2 
2 1 0 1 1 0 0 0 0 1 0 1 -2 
2 1 0 0 1 1 1 0 0 0 0 0 0 1 -2 
2 0 1 0 0 0 1 0 1 0 0 0 1 -2 
2 1 1 0 0 0 0 0 0 0 0 0 0 0 0 0 0 1 -2 
2 0 1 0 1 0 1 1 0 1 -2 
2 0 1 0 0 1 1 0 0 1 1 -2 
2 0 0 1 1 1 0 0 0 0 0 0 1 1 -2 
2 1 0 0 1 0 1 0 0 0 0 0 0 0 1 -2 
2 1 1 0 0 0 0 1 1 0 0 0 0 1 -2 
2 0 1 0 1 0 0 1 0 0 0 1 -2 
2 0 0 0 0 0 0 0 0 0 0 1 0 0 0 0 0 0 0 0 0 1 -2 
2 0 0 0 0 0 0 1 0 0 0 0 0 0 0 0 0 0 1 1 -2 
2 0 0 0 0 0 0 0 1 1 0 0 0 0 0 0 0 0 0 1 -2 
2 1 0 1 1 1 0 1 0 1 -2 
2 1 0 0 0 0 0 1 0 0 0 0 0 0 0 0 0 0 1 -2 
2 1 1 1 0 0 1 0 1 1 -2 
2 1 0 0 0 1 1 1 0 0 0 0 1 -2 
2 0 0 1 1 0 1 1 1 1 -2 
2 0 0 1 0 0 1 1 0 0 1 -2 
2 1 0 1 1 0 0 0 0 0 0 0 1 1 -2 
2 1 0 0 1 0 0 0 1 0 0 0 1 -2 
2 1 0 0 1 0 1 0 1 1 -2 
2 1 1 0 0 0 1 1 0 1 1 -2 
2 0 0 1 1 0 1 0 0 0 0 1 -2 
2 1 0 1 0 0 0 0 1 0 0 1 -2 
2 0 1 0 0 1 0 0 0 0 1 1 -2 
2 1 0 1 1 0 0 0 1 1 1 -2 
2 1 0 1 0 0 0 1 0 1 1 -2 
2 1 1 0 1 0 0 0 0 0 0 1 1 -2 
2 0 1 0 1 0 1 0 0 1 -2 
2 1 0 1 1 0 0 0 1 0 1 -2 
2 0 1 0 1 0 0 0 0 0 0 0 0 0 1 -2 
2 0 1 0 1 1 1 0 0 0 1 -2 
2 1 1 0 0 1 0 0 0 0 0 1 1 -2 
2 1 0 0 1 0 1 1 0 1 -2 
2 1 0 0 1 1 1 0 0 0 0 1 -2 
2 1 1 0 0 1 0 1 1 1 -2 
2 1 0 0 0 0 1 1 0 0 1 1 -2 
2 0 0 0 1 0 1 1 0 0 0 0 1 -2 
2 0 0 1 0 0 1 0 0 0 0 0 0 0 1 -2 
2 1 0 1 0 0 1 1 0 1 -2 
2 0 1 0 0 0 0 1 1 0 0 0 1 -2 
2 0 1 0 0 0 1 1 1 0 1 -2 
2 0 0 1 1 0 1 0 0 0 0 0 1 -2 
2 0 1 1 1 0 0 0 0 0 0 0 0 0 1 -2 
2 0 1 0 0 1 1 0 0 0 0 0 1 -2 
2 0 1 0 1 0 0 0 0 0 0 0 1 1 -2 
2 0 0 1 1 0 0 1 0 0 0 1 -2 
2 0 1 0 1 0 0 1 1 1 -2 
2 0 1 1 0 0 0 1 0 0 0 0 0 1 -2 
2 0 0 1 0 0 1 0 0 1 1 -2 
2 0 1 0 0 0 1 1 0 0 0 0 0 1 -2 
2 1 0 0 0 0 0 0 0 0 0 1 0 0 0 0 0 1 -2 
2 0 1 0 1 0 0 0 1 0 1 -2 
2 0 1 1 1 0 0 0 0 0 0 0 0 0 0 0 1 -2 
2 1 1 0 1 0 0 0 1 0 1 -2 
2 0 1 0 1 0 0 0 0 0 0 0 0 0 0 1 -2 
2 1 0 0 0 1 0 1 0 1 1 -2 
2 0 1 0 0 0 1 1 0 0 0 0 1 -2 
2 1 1 0 1 0 0 1 1 1 -2 
2 0 1 0 0 1 0 1 0 1 -2 
2 0 0 1 0 0 0 1 1 0 0 1 -2 
2 1 1 0 0 0 1 1 0 0 0 0 0 1 -2 
2 1 1 1 1 0 0 0 1 1 1 -2 
2 0 0 0 0 1 1 0 0 0 0 0 0 0 0 0 1 -2 
2 0 1 0 1 0 0 0 0 0 0 0 0 0 0 0 1 -2 
2 0 1 1 1 1 0 0 0 0 0 0 1 -2 
2 0 0 1 1 0 1 0 0 0 1 -2 
2 0 0 1 1 0 1 0 0 1 -2 
2 1 0 1 1 0 0 0 0 1 1 -2 
2 0 0 1 1 1 0 0 0 1 1 -2 
2 0 0 0 0 0 0 0 1 0 0 0 0 0 0 0 0 0 0 0 1 -2 
2 1 1 1 0 0 0 0 1 1 1 -2 
2 1 1 0 0 0 1 0 0 0 0 0 0 0 1 -2 
2 1 0 1 0 0 0 0 0 0 0 0 1 1 -2 
2 0 0 0 1 0 1 0 0 0 0 0 0 0 1 -2 
2 0 0 0 1 0 1 1 0 0 0 1 -2 
2 1 0 1 0 0 0 0 1 0 1 -2 
2 1 0 0 1 0 0 0 0 0 0 1 1 -2 
2 1 1 1 0 0 0 0 1 0 1 -2 
2 1 0 0 0 1 0 0 0 0 0 0 0 0 0 0 0 1 -2 
2 1 1 1 0 0 0 0 0 1 0 1 -2 
2 1 0 1 0 0 0 1 0 0 0 1 -2 
2 0 0 0 0 1 1 0 0 0 0 0 0 0 0 1 -2 
2 1 0 0 1 1 0 0 0 1 1 -2 
2 0 0 1 0 0 0 0 1 0 0 1 -2 
2 1 0 0 1 0 0 0 0 0 0 0 0 0 0 0 1 -2 
2 0 1 1 1 0 0 0 0 0 1 1 -2 
2 0 0 1 1 1 1 0 0 1 -2 
2 0 1 0 0 0 0 0 0 1 0 0 1 -2 
2 1 0 0 0 0 1 1 0 0 0 0 1 -2 
2 1 1 0 0 0 0 1 0 0 0 0 0 1 -2 
2 1 1 0 0 0 0 0 1 1 0 1 -2 
2 0 0 0 0 1 0 0 1 0 0 0 1 -2 
2 0 1 1 0 1 1 1 1 -2 
2 0 1 1 0 0 0 0 1 1 1 -2 
2 1 0 0 1 0 0 0 0 0 0 0 0 0 0 1 -2 
2 0 0 1 0 1 0 0 0 0 0 0 0 1 -2 
