1461 0
67562 -1 -2 
10405 0 1 -2 
5001 1 1 -2 
2479 0 0 0 1 -2 
2370 0 1 1 -2 
1970 1 1 1 -2 
1945 1 0 1 -2 
1791 1 0 0 1 -2 
1747 1 1 0 1 -2 
1651 1 0 0 0 1 -2 
1284 0 1 0 1 -2 
1243 1 0 1 1 -2 
1198 0 0 0 0 1 -2 
1107 1 1 0 0 1 -2 
994 1 1 1 1 -2 
870 1 1 0 1 1 -2 
821 0 0 1 1 -2 
789 0 1 0 0 1 -2 
724 0 1 1 1 -2 
714 1 1 0 0 0 0 1 -2 
670 1 0 0 1 1 -2 
658 0 0 0 1 1 -2 
653 0 0 0 0 0 0 1 -2 
647 1 0 0 0 0 0 1 -2 
640 1 1 0 0 0 1 -2 
627 1 1 1 0 1 -2 
603 1 0 0 0 0 1 -2 
563 1 1 1 0 0 0 1 -2 
523 0 1 0 0 0 0 0 1 -2 
487 1 1 1 0 0 1 -2 
483 1 0 1 0 1 -2 
458 0 1 0 0 0 0 1 -2 
435 0 1 1 0 1 -2 
410 0 1 0 1 1 -2 
393 0 1 0 0 0 1 -2 
392 1 0 1 1 0 1 -2 
390 1 0 1 1 1 -2 
385 1 0 1 0 0 1 -2 
367 1 1 0 0 0 0 0 1 -2 
366 1 1 1 1 1 -2 
350 1 0 0 0 1 1 -2 
348 1 1 0 0 1 1 -2 
342 1 0 1 0 0 0 1 -2 
335 1 1 1 0 1 1 -2 
334 0 0 1 0 1 -2 
317 1 1 1 1 0 1 -2 
316 1 1 1 0 0 0 0 1 -2 
315 0 1 1 0 0 0 1 -2 
312 1 0 0 1 0 1 -2 
294 1 1 0 1 0 0 1 -2 
294 1 1 0 1 0 1 -2 
286 1 1 1 1 0 0 1 -2 
281 1 0 0 0 0 0 0 1 -2 
277 0 1 1 0 0 1 -2 
275 1 1 0 1 0 0 0 1 -2 
274 1 1 1 1 0 0 0 1 -2 
265 1 1 0 0 0 1 1 -2 
264 1 0 0 1 0 0 1 -2 
254 1 0 1 1 0 0 1 -2 
248 1 1 1 1 0 1 1 -2 
245 0 1 0 0 1 1 -2 
229 0 0 1 0 0 1 -2 
229 0 0 1 1 1 -2 
223 0 1 1 0 0 0 0 1 -2 
220 0 1 1 1 1 -2 
218 0 1 1 0 1 1 -2 
215 1 0 1 0 0 0 0 1 -2 
214 1 1 0 1 1 1 -2 
206 1 0 0 0 0 1 1 -2 
203 1 1 0 1 1 0 1 -2 
203 1 0 1 0 1 1 -2 
202 0 0 0 1 0 1 -2 
200 1 1 1 0 0 1 1 -2 
199 0 0 1 0 0 0 1 -2 
193 0 1 0 1 0 0 1 -2 
189 0 0 0 1 0 0 1 -2 
186 0 1 1 1 0 0 1 -2 
182 0 1 1 1 0 1 -2 
176 0 0 1 1 0 1 -2 
172 0 1 0 1 0 0 0 1 -2 
172 0 1 0 1 0 1 -2 
167 1 0 0 1 0 0 0 1 -2 
166 1 0 1 0 0 1 1 -2 
162 0 1 1 1 0 0 0 1 -2 
162 1 0 0 1 1 1 -2 
159 1 1 0 0 1 0 1 -2 
159 1 0 1 1 0 0 0 1 -2 
155 1 1 0 0 0 0 1 1 -2 
154 1 0 1 1 1 1 -2 
154 1 1 1 1 1 1 -2 
152 1 0 1 1 0 1 1 -2 
147 1 1 1 0 0 0 1 1 -2 
146 1 1 1 1 1 0 1 1 -2 
145 0 0 1 1 0 0 1 -2 
144 1 1 1 1 1 0 1 -2 
143 0 0 1 0 0 0 0 1 -2 
143 0 0 1 0 1 1 -2 
142 1 1 1 1 0 0 1 1 -2 
141 0 0 0 1 0 0 0 1 -2 
139 1 0 0 0 1 0 1 -2 
137 1 1 1 0 1 0 1 -2 
133 1 0 0 1 1 0 1 -2 
133 0 1 0 0 0 1 1 -2 
132 0 1 1 0 0 0 0 0 1 -2 
125 0 1 0 0 0 0 0 0 1 -2 
124 0 1 1 0 0 1 1 -2 
123 0 0 1 0 0 1 1 -2 
121 0 0 1 1 0 0 0 1 -2 
119 0 1 0 0 1 0 1 -2 
118 1 1 0 0 1 0 0 1 -2 
118 0 0 0 0 1 0 1 -2 
116 1 1 0 1 0 0 1 1 -2 
116 0 1 0 1 1 1 -2 
114 1 1 0 1 0 1 1 -2 
108 0 1 0 0 0 0 1 1 -2 
106 0 1 1 1 0 1 1 -2 
106 1 1 1 0 0 0 0 0 1 -2 
104 1 0 0 1 0 1 1 -2 
102 1 1 0 1 1 0 0 1 -2 
98 1 1 1 1 1 0 0 1 -2 
97 1 0 0 0 0 0 1 1 -2 
94 1 0 1 0 1 0 1 -2 
94 1 0 0 0 1 0 0 1 -2 
92 0 1 0 1 1 0 1 -2 
90 1 0 1 0 0 0 1 1 -2 
89 1 1 1 0 1 1 1 -2 
89 0 1 1 0 0 0 1 1 -2 
84 1 1 1 0 1 0 0 1 -2 
84 1 0 0 1 1 0 0 1 -2 
84 0 0 1 1 0 1 1 -2 
82 1 1 0 0 0 0 0 0 1 -2 
80 1 1 0 0 1 1 1 -2 
78 1 0 1 1 1 0 1 -2 
76 1 1 0 1 1 0 1 1 -2 
76 1 0 1 0 1 0 0 1 -2 
74 0 1 0 0 1 0 0 1 -2 
73 1 0 0 1 0 0 1 1 -2 
73 0 1 1 1 1 1 -2 
72 0 1 1 0 1 0 1 -2 
71 0 0 1 0 0 0 0 0 1 -2 
68 1 0 1 1 1 0 0 1 -2 
68 0 1 1 1 1 0 1 -2 
68 0 0 1 0 0 0 1 1 -2 
67 1 0 1 1 0 0 1 1 -2 
66 1 1 0 1 1 0 0 0 1 -2 
66 0 0 0 1 1 0 1 -2 
66 0 0 0 0 1 0 0 1 -2 
65 1 1 0 0 1 0 0 0 1 -2 
64 0 1 1 1 0 0 1 1 -2 
64 0 1 1 0 1 1 1 -2 
63 0 1 0 1 0 0 1 1 -2 
63 1 1 0 1 0 0 0 0 1 -2 
63 1 0 1 0 0 0 0 0 1 -2 
63 0 0 1 1 1 1 -2 
62 1 1 1 1 0 0 0 0 1 -2 
59 0 0 1 1 0 0 1 1 -2 
59 0 0 1 0 1 0 1 -2 
57 0 1 0 1 1 0 0 1 -2 
57 0 1 0 1 0 1 1 -2 
57 0 1 1 1 0 0 0 0 1 -2 
56 1 1 1 1 1 1 1 -2 
56 1 0 1 1 0 0 0 0 1 -2 
55 0 0 0 1 0 0 0 0 0 0 0 1 -2 
53 0 0 0 1 0 0 1 1 -2 
52 1 1 0 1 1 1 1 -2 
51 1 0 0 0 1 1 1 -2 
50 1 0 1 0 1 1 1 -2 
49 0 0 0 1 0 1 1 -2 
47 0 1 0 1 0 0 0 0 1 -2 
47 1 0 0 1 0 0 0 0 1 -2 
46 1 1 1 0 1 0 0 0 1 -2 
45 0 0 1 1 1 0 1 -2 
45 0 0 0 1 1 0 0 1 -2 
44 1 1 1 1 0 1 1 1 -2 
44 0 1 1 1 1 0 0 1 -2 
44 1 1 1 0 0 0 0 0 0 1 -2 
43 0 1 0 1 1 0 1 1 -2 
42 1 1 1 1 1 0 0 0 1 -2 
40 1 0 0 1 1 0 1 1 -2 
40 1 1 0 0 1 0 1 1 -2 
39 1 1 0 1 0 1 0 1 -2 
39 1 1 1 0 0 1 1 1 -2 
39 0 1 0 0 1 0 0 0 1 -2 
39 1 0 0 0 1 0 0 0 1 -2 
38 1 1 1 1 0 0 0 1 1 -2 
38 1 1 1 0 0 1 0 1 -2 
38 1 1 1 1 0 0 0 0 0 1 -2 
38 1 0 0 1 1 1 1 -2 
37 1 0 1 1 1 0 1 1 -2 
37 0 0 1 0 1 0 0 1 -2 
37 1 1 0 0 0 1 0 1 -2 
37 1 1 0 0 0 1 1 1 -2 
37 0 1 1 0 0 0 0 0 0 1 -2 
36 1 0 0 1 1 0 0 0 1 -2 
35 1 1 1 1 1 0 0 0 0 1 -2 
35 1 1 0 0 0 0 0 1 1 -2 
35 0 1 0 0 0 0 0 1 1 -2 
34 1 1 0 0 1 0 0 0 0 1 -2 
34 1 1 1 0 0 0 0 1 1 -2 
33 1 1 1 0 1 1 0 0 0 1 -2 
33 0 1 0 0 1 1 1 -2 
32 1 1 1 0 1 1 0 0 1 -2 
32 1 1 0 0 1 1 0 0 1 -2 
32 1 1 1 0 0 1 0 0 0 1 -2 
32 1 0 1 1 1 1 1 -2 
31 0 1 1 0 1 0 0 1 -2 
31 0 1 0 1 1 0 0 0 1 -2 
31 0 0 1 1 0 0 0 1 1 -2 
30 0 1 1 1 1 0 1 1 -2 
30 1 0 1 1 0 0 0 0 0 0 1 -2 
30 0 0 1 1 1 0 0 1 -2 
29 1 0 1 0 1 0 0 0 1 -2 
29 1 1 0 0 0 1 0 0 1 -2 
29 0 0 1 1 0 0 0 0 1 -2 
29 0 0 0 1 1 0 0 0 1 -2 
28 1 1 1 1 0 1 0 1 -2 
28 1 1 1 0 1 0 0 0 0 1 -2 
28 1 1 0 0 1 1 0 1 -2 
28 0 1 1 0 1 0 0 0 1 -2 
28 1 0 1 0 0 0 0 0 0 1 -2 
28 0 0 1 0 1 1 1 -2 
28 1 0 0 0 0 1 1 1 -2 
27 1 1 1 0 1 0 1 1 -2 
27 0 1 1 1 0 0 0 0 0 1 -2 
27 0 1 0 0 0 0 0 0 0 0 1 -2 
26 1 1 1 1 0 1 0 0 0 1 -2 
26 1 0 1 0 1 0 0 0 0 1 -2 
26 1 0 1 1 0 0 0 1 1 -2 
26 0 1 0 1 0 0 0 0 0 1 -2 
25 1 1 0 1 1 0 0 0 0 1 -2 
25 1 1 1 0 1 1 0 1 -2 
25 1 1 0 1 0 0 0 1 1 -2 
25 1 0 1 1 1 0 0 0 1 -2 
25 0 1 0 0 0 1 0 1 -2 
24 1 1 0 1 1 1 0 1 -2 
24 0 1 1 1 0 1 0 1 -2 
24 1 1 1 0 0 1 0 0 1 -2 
24 0 0 1 1 1 0 1 1 -2 
24 1 0 1 1 0 0 0 0 0 0 0 1 -2 
24 0 1 1 0 0 0 0 1 1 -2 
24 1 1 0 1 0 0 0 0 0 1 -2 
24 1 0 0 0 1 0 1 1 -2 
24 0 0 1 1 1 1 1 -2 
23 0 1 0 0 1 1 0 0 0 1 -2 
23 1 0 1 1 0 1 0 1 -2 
23 1 0 1 1 1 0 0 0 0 1 -2 
23 0 1 1 1 0 0 0 1 1 -2 
23 0 1 1 0 0 1 0 1 -2 
23 0 1 0 0 1 0 1 1 -2 
23 1 0 1 0 0 1 0 1 -2 
23 0 1 0 1 1 1 1 -2 
23 0 1 1 1 1 1 1 -2 
23 1 0 0 1 0 0 0 0 0 0 0 1 -2 
23 1 0 0 1 0 0 0 1 1 -2 
22 0 1 0 1 0 1 1 1 -2 
22 1 1 1 1 1 0 0 0 0 0 1 -2 
21 0 1 1 0 1 1 0 0 0 1 -2 
21 0 1 1 0 1 0 0 0 0 1 -2 
21 1 1 1 0 0 0 1 0 0 1 -2 
21 1 1 0 1 0 1 1 1 -2 
21 1 0 1 0 1 0 1 1 -2 
21 1 1 0 0 1 1 0 0 0 1 -2 
21 0 1 0 1 0 1 0 1 -2 
21 0 1 1 1 0 0 0 0 0 0 1 -2 
21 0 1 1 0 0 1 1 1 -2 
21 1 1 1 0 0 0 0 0 0 0 1 -2 
21 1 0 0 0 0 1 0 1 -2 
21 0 0 0 0 1 0 1 1 -2 
21 0 0 1 0 0 0 0 0 0 1 -2 
20 1 0 1 0 1 1 0 0 0 1 -2 
20 1 1 1 0 1 0 0 1 1 -2 
20 1 0 1 1 1 0 0 0 0 0 0 1 -2 
20 0 1 1 1 0 1 1 1 -2 
20 0 1 1 0 0 1 0 0 0 1 -2 
20 1 1 1 1 0 0 0 0 0 0 1 -2 
20 0 0 1 0 0 1 0 0 0 1 -2 
20 1 0 1 0 0 1 1 1 -2 
20 1 1 0 0 0 1 0 0 0 1 -2 
20 1 0 1 0 0 0 0 0 0 0 1 -2 
20 1 1 0 0 0 0 0 0 0 0 1 -2 
20 0 0 1 0 0 0 0 0 0 0 1 -2 
19 1 1 1 1 1 0 0 1 1 -2 
19 1 0 1 0 1 1 0 1 -2 
19 1 0 1 1 0 0 0 0 0 1 -2 
19 1 0 0 0 1 1 0 1 -2 
18 1 0 1 1 1 0 0 1 1 -2 
18 1 0 1 0 0 1 0 0 0 1 -2 
18 0 1 0 1 0 0 0 1 1 -2 
18 1 1 1 1 0 0 0 0 0 0 0 1 -2 
18 0 0 1 0 1 0 0 0 0 1 -2 
18 0 1 1 0 0 0 1 0 1 -2 
18 0 0 1 1 1 0 0 0 1 -2 
18 0 0 0 1 0 0 0 1 1 -2 
17 1 1 0 1 1 0 0 1 1 -2 
17 1 0 1 1 0 1 0 0 0 1 -2 
17 0 1 1 0 1 0 1 1 -2 
17 0 0 1 0 1 0 1 1 -2 
17 1 0 0 1 0 1 1 1 -2 
17 0 0 1 1 0 0 0 0 0 0 0 1 -2 
17 1 1 0 0 0 0 1 0 1 -2 
17 0 0 0 1 1 0 1 1 -2 
16 1 1 1 1 0 1 1 0 0 0 1 -2 
16 1 1 1 0 0 1 1 0 0 1 -2 
16 1 0 1 1 1 1 0 0 0 1 -2 
16 1 1 0 1 0 1 0 0 1 -2 
16 1 1 0 1 1 1 0 0 1 -2 
16 1 1 1 1 1 1 0 1 -2 
16 0 1 0 0 1 0 0 0 0 1 -2 
16 1 1 0 0 0 1 1 0 1 -2 
16 1 1 0 1 0 0 0 0 0 0 1 -2 
16 1 1 1 0 0 0 1 0 1 -2 
16 0 0 1 0 1 0 0 0 1 -2 
16 1 0 1 0 0 0 0 1 1 -2 
16 0 1 1 0 0 0 0 0 0 0 1 -2 
16 1 0 0 0 0 1 0 0 1 -2 
15 1 1 1 1 0 1 0 0 0 0 1 -2 
15 1 1 1 1 1 1 0 0 1 -2 
15 1 1 0 0 1 0 0 1 1 -2 
15 0 1 1 1 1 0 0 0 1 -2 
15 1 0 0 0 1 0 0 0 0 1 -2 
14 0 1 1 1 0 1 0 0 1 -2 
14 1 1 1 1 1 0 0 0 1 1 -2 
14 1 0 1 1 0 1 1 1 -2 
14 1 0 0 1 1 0 0 1 1 -2 
14 0 0 1 0 1 1 0 0 1 -2 
14 1 1 0 1 0 0 0 0 0 0 0 1 -2 
14 1 0 0 1 1 1 0 1 -2 
14 0 1 0 1 0 0 0 0 0 0 1 -2 
14 1 0 0 1 0 1 0 1 -2 
14 1 0 0 0 0 1 0 0 0 0 1 -2 
14 0 0 1 1 0 0 0 0 0 1 -2 
14 0 0 1 0 0 0 0 1 1 -2 
13 0 1 1 1 0 0 1 0 0 0 1 -2 
13 1 1 0 1 0 1 0 0 0 0 1 -2 
13 1 1 1 0 1 1 0 0 0 0 1 -2 
13 1 1 1 1 1 1 0 0 0 0 1 -2 
13 0 1 1 1 0 0 1 0 1 -2 
13 1 1 1 0 0 1 0 0 0 0 1 -2 
13 1 0 1 0 0 1 0 0 0 0 1 -2 
13 1 0 0 1 0 1 0 0 0 0 1 -2 
13 0 1 1 1 1 1 0 0 0 1 -2 
13 1 1 1 1 1 1 0 0 0 1 -2 
13 1 1 1 1 0 0 0 0 1 1 -2 
13 1 0 0 1 1 0 0 0 0 0 0 1 -2 
13 0 1 1 1 1 0 0 0 0 0 1 -2 
13 0 1 0 1 1 0 0 0 0 1 -2 
13 0 1 1 0 0 0 1 0 0 1 -2 
13 1 1 0 0 1 0 0 0 0 0 1 -2 
13 1 0 0 1 0 0 0 0 0 0 1 -2 
13 1 1 1 0 0 0 0 0 0 0 0 1 -2 
13 0 0 1 0 0 1 0 1 -2 
13 1 0 0 0 0 1 0 0 0 1 -2 
12 1 1 0 1 0 0 1 0 0 0 0 1 -2 
12 0 1 0 1 0 0 1 0 0 0 1 -2 
12 1 1 1 0 0 1 1 0 0 0 1 -2 
12 1 1 0 1 1 1 0 0 0 0 1 -2 
12 0 1 1 1 0 1 0 0 0 0 1 -2 
12 1 1 1 1 0 0 1 1 1 -2 
12 1 1 0 1 0 0 1 0 1 -2 
12 1 1 1 1 0 1 0 0 1 -2 
12 1 1 1 1 0 0 1 0 1 -2 
12 1 1 0 1 1 1 0 0 0 1 -2 
12 0 1 0 1 0 1 0 0 0 1 -2 
12 1 0 1 1 1 0 0 0 0 0 1 -2 
12 1 1 1 0 0 0 1 0 0 0 1 -2 
12 0 1 0 0 1 1 0 1 -2 
12 1 1 0 0 0 1 0 0 0 0 1 -2 
12 0 1 0 0 0 1 0 0 0 1 -2 
12 1 0 0 0 1 1 0 0 0 1 -2 
12 0 1 0 0 0 0 1 1 1 -2 
12 1 0 0 0 1 0 0 0 0 0 0 1 -2 
12 0 1 0 0 0 1 1 1 -2 
12 0 0 0 0 1 1 0 0 1 -2 
12 0 0 1 0 0 0 0 0 0 0 0 1 -2 
11 1 0 1 1 0 1 1 0 0 0 1 -2 
11 1 1 0 1 1 0 1 0 1 -2 
11 0 1 1 0 1 0 1 1 1 -2 
11 1 1 1 0 0 1 1 0 1 -2 
11 0 1 1 0 1 1 0 0 1 -2 
11 0 1 0 1 1 1 0 0 0 1 -2 
11 0 1 1 0 0 1 0 0 0 0 1 -2 
11 0 1 0 0 1 1 0 0 1 -2 
11 1 1 1 0 1 0 0 0 0 0 1 -2 
11 1 0 1 0 0 0 1 0 0 0 1 -2 
11 0 1 1 0 0 1 0 0 1 -2 
11 1 1 1 1 1 1 1 1 -2 
11 1 0 1 0 0 1 0 0 1 -2 
11 0 0 1 1 1 0 0 0 0 1 -2 
11 0 1 0 0 0 1 0 0 0 0 1 -2 
11 0 0 1 1 0 1 0 1 -2 
11 0 0 1 1 0 0 0 0 0 0 1 -2 
11 1 0 1 0 0 0 0 0 0 0 0 1 -2 
11 0 0 0 1 0 0 0 0 0 0 0 0 1 -2 
10 0 0 0 0 0 0 1 0 0 0 0 0 0 0 0 0 0 0 0 0 0 0 0 0 0 0 0 0 0 0 0 0 1 -2 
10 1 1 1 0 1 1 1 0 0 1 -2 
10 1 1 1 1 0 0 1 0 0 0 0 1 -2 
10 1 1 1 0 1 0 1 0 0 1 -2 
10 1 0 1 0 1 1 0 0 0 0 1 -2 
10 0 1 0 1 0 1 0 0 0 0 1 -2 
10 1 0 1 1 0 0 1 0 1 -2 
10 1 0 1 1 0 1 0 0 1 -2 
10 0 1 1 1 1 1 0 1 -2 
10 1 0 1 1 1 1 0 1 -2 
10 0 1 0 0 1 0 0 1 1 -2 
10 0 1 0 1 1 1 0 1 -2 
10 0 1 1 0 1 1 0 1 -2 
10 0 0 1 1 1 0 0 0 0 0 1 -2 
10 1 0 0 1 1 1 1 1 -2 
10 0 0 1 1 0 1 1 1 -2 
10 0 1 0 0 0 1 0 0 1 -2 
10 1 1 1 0 0 0 0 0 1 1 -2 
10 0 0 0 1 1 0 0 0 0 0 0 0 1 -2 
10 0 1 1 0 0 0 0 0 1 1 -2 
10 1 0 0 1 0 0 0 0 0 1 -2 
10 1 1 0 0 0 0 0 0 0 0 0 1 -2 
10 0 0 0 1 0 1 1 1 -2 
9 1 1 0 1 0 1 1 0 0 0 1 -2 
9 1 1 1 1 1 1 1 0 0 0 1 -2 
9 1 1 1 1 1 0 0 0 0 1 1 -2 
9 0 1 1 0 0 1 1 0 0 1 -2 
9 1 1 1 0 1 0 1 0 1 -2 
9 1 0 1 0 0 1 1 0 0 1 -2 
9 0 1 1 0 0 1 1 0 0 0 1 -2 
9 1 0 1 1 1 0 1 0 1 -2 
9 1 1 1 1 1 0 1 0 1 -2 
9 1 1 1 1 0 0 1 0 0 0 1 -2 
9 1 1 1 0 0 0 1 0 0 0 0 1 -2 
9 0 1 1 1 0 1 0 0 0 1 -2 
9 0 1 1 0 1 0 0 1 1 -2 
9 1 0 1 1 0 0 0 0 0 0 1 1 -2 
9 1 1 0 0 1 1 1 0 1 -2 
9 1 0 0 1 0 0 0 0 0 0 0 0 0 1 -2 
9 1 1 1 0 1 1 1 1 -2 
9 0 0 0 0 0 0 1 0 0 0 0 0 0 0 0 0 1 -2 
9 1 0 0 1 0 1 0 0 0 1 -2 
9 1 1 1 1 0 0 0 0 0 0 0 0 1 -2 
9 0 1 1 0 0 0 0 0 0 0 0 0 1 -2 
9 0 0 1 1 0 0 0 0 0 0 0 0 1 -2 
9 0 0 1 0 0 1 0 0 1 -2 
9 0 0 1 0 0 0 1 1 1 -2 
9 0 1 0 0 0 0 1 0 1 -2 
9 1 0 0 0 1 1 0 0 1 -2 
9 0 0 0 1 0 1 0 0 1 -2 
9 1 0 0 0 1 0 0 1 1 -2 
9 0 0 1 0 0 0 1 0 1 -2 
9 0 0 1 0 0 1 1 1 -2 
9 1 0 0 0 1 0 0 0 0 0 1 -2 
9 1 1 0 0 0 0 0 0 0 0 0 0 1 -2 
8 0 1 1 1 1 0 1 0 0 0 0 1 -2 
8 1 0 1 1 0 1 0 0 0 0 0 0 0 1 -2 
8 1 1 1 0 1 1 0 1 1 -2 
8 1 1 1 1 0 1 1 0 1 -2 
8 1 1 0 1 0 0 1 0 0 1 -2 
8 1 1 1 1 0 0 1 0 0 1 -2 
8 1 1 0 1 0 1 0 1 1 -2 
8 1 1 1 1 0 1 0 0 0 0 0 1 -2 
8 0 1 1 0 1 0 1 0 1 -2 
8 0 1 1 1 1 1 0 0 0 0 1 -2 
8 1 1 0 0 1 1 1 0 0 1 -2 
8 1 0 1 0 1 0 1 0 1 -2 
8 1 0 1 0 1 1 0 0 1 -2 
8 0 0 1 0 1 0 1 0 1 -2 
8 1 1 0 1 1 0 0 0 1 1 -2 
8 1 1 0 0 1 1 0 0 0 0 1 -2 
8 0 1 0 1 0 1 0 0 1 -2 
8 0 1 1 1 1 0 0 1 1 -2 
8 1 1 0 0 1 0 1 0 1 -2 
8 1 1 0 1 0 1 0 0 0 1 -2 
8 1 0 1 0 1 0 0 1 1 -2 
8 0 1 0 1 1 0 0 1 1 -2 
8 0 1 1 1 1 0 0 0 0 1 -2 
8 1 1 0 0 0 0 1 0 0 0 0 1 -2 
8 0 0 1 0 0 1 0 0 0 0 1 -2 
8 1 0 1 0 1 0 0 0 0 0 1 -2 
8 0 1 1 0 0 0 1 0 0 0 1 -2 
8 1 1 1 0 0 0 0 1 0 1 -2 
8 0 1 1 0 1 0 0 0 0 0 1 -2 
8 1 0 0 0 1 0 0 0 0 0 0 0 0 0 1 -2 
8 0 0 1 1 0 0 1 0 1 -2 
8 1 0 0 1 1 1 0 0 0 1 -2 
8 1 0 1 0 0 0 1 0 1 -2 
8 1 0 0 1 1 0 0 0 0 0 1 -2 
8 1 1 1 0 0 0 1 1 1 -2 
8 1 0 1 0 0 0 0 0 0 0 0 0 1 -2 
8 1 0 0 0 1 1 0 0 0 0 1 -2 
8 0 1 0 0 0 0 1 0 0 1 -2 
8 0 0 0 0 0 0 0 0 0 0 0 0 0 0 0 0 0 1 -2 
8 1 0 0 0 1 0 0 0 0 0 0 0 1 -2 
8 0 1 1 0 0 0 0 0 0 0 0 1 -2 
7 1 1 1 1 0 1 0 1 0 0 1 -2 
7 1 1 1 0 1 0 1 0 0 0 0 1 -2 
7 1 0 1 0 1 1 1 0 0 1 -2 
7 1 0 1 1 1 0 0 0 0 0 0 0 0 1 -2 
7 1 0 1 0 1 0 0 0 0 0 1 1 -2 
7 1 1 1 1 1 0 1 1 1 -2 
7 1 0 1 1 0 0 1 0 0 1 -2 
7 1 1 0 1 0 0 1 0 0 0 1 -2 
7 1 1 1 0 1 1 1 0 1 -2 
7 1 0 0 1 0 1 1 0 0 0 1 -2 
7 1 1 1 1 0 0 0 1 0 0 0 1 -2 
7 0 1 1 0 1 1 0 0 0 0 1 -2 
7 1 0 1 0 0 1 1 0 0 0 1 -2 
7 1 0 1 1 0 0 1 0 0 0 1 -2 
7 0 0 1 0 0 1 1 0 0 1 -2 
7 0 0 1 1 1 0 1 0 1 -2 
7 0 1 0 1 0 0 1 0 1 -2 
7 0 0 1 1 0 1 0 0 0 0 1 -2 
7 0 1 1 1 1 0 0 0 1 1 -2 
7 0 0 1 0 1 1 0 0 0 0 1 -2 
7 1 0 0 1 0 0 1 0 0 0 1 -2 
7 0 0 1 1 0 1 0 0 0 1 -2 
7 0 0 1 1 0 1 0 0 1 -2 
7 1 0 0 1 1 0 0 0 0 0 0 0 1 -2 
7 0 0 1 1 1 0 0 0 0 0 0 1 -2 
7 0 1 0 1 1 0 0 0 0 0 1 -2 
7 0 0 1 1 1 0 0 0 0 0 0 0 1 -2 
7 0 0 1 1 1 1 0 0 0 1 -2 
7 1 0 0 1 0 0 1 0 1 -2 
7 1 1 0 1 1 1 1 1 -2 
7 1 1 0 0 0 1 0 0 1 1 -2 
7 0 1 0 0 0 1 1 0 0 1 -2 
7 0 0 1 0 1 0 0 0 0 0 1 -2 
7 1 0 0 0 0 1 1 0 0 0 1 -2 
7 0 1 0 0 1 0 0 0 0 0 1 -2 
7 1 1 0 0 1 1 1 1 -2 
7 0 0 0 1 0 1 0 0 0 0 1 -2 
7 0 1 0 1 0 0 0 0 0 0 0 1 -2 
7 0 0 1 0 0 0 1 0 0 1 -2 
7 1 0 1 0 0 0 0 0 1 1 -2 
7 1 1 0 0 0 0 1 1 1 -2 
6 0 0 1 0 0 1 1 0 0 0 0 0 0 0 0 0 0 1 -2 
6 0 1 1 0 1 0 1 0 0 0 0 1 -2 
6 1 1 0 1 1 0 1 0 0 0 0 0 1 -2 
6 1 0 1 1 0 0 1 1 0 0 0 1 -2 
6 1 1 1 1 0 0 1 1 0 0 1 -2 
6 1 1 0 1 0 0 1 1 0 0 1 -2 
6 1 1 1 1 1 0 1 0 0 0 0 1 -2 
6 1 1 1 1 0 1 1 0 0 1 -2 
6 1 1 1 1 1 0 1 0 0 0 1 -2 
6 1 1 1 0 1 1 0 0 0 1 1 -2 
6 1 0 0 0 0 0 0 0 0 0 0 0 0 0 0 0 0 0 0 0 0 0 0 1 -2 
6 1 1 1 0 0 1 1 0 0 0 0 1 -2 
6 1 1 1 1 1 0 0 1 0 1 -2 
6 0 1 1 1 1 0 1 1 1 -2 
6 0 1 0 1 1 0 1 0 1 -2 
6 1 1 0 0 1 0 1 0 0 1 -2 
6 1 0 1 1 1 1 0 0 0 0 1 -2 
6 1 1 1 1 0 1 1 1 1 -2 
6 1 0 0 1 0 0 1 0 0 0 0 1 -2 
6 1 1 0 0 1 0 1 0 0 0 1 -2 
6 0 1 0 1 0 0 1 0 0 1 -2 
6 0 1 1 1 0 0 0 1 0 1 -2 
6 1 1 0 0 0 1 1 0 0 0 0 1 -2 
6 0 0 0 0 0 0 0 0 0 0 0 0 0 0 0 0 0 0 0 0 0 0 0 1 -2 
6 1 0 1 0 1 0 0 0 1 1 -2 
6 0 1 1 1 1 0 0 0 0 0 0 0 1 -2 
6 1 1 1 0 1 0 0 0 0 0 0 1 -2 
6 0 0 1 1 0 0 1 0 0 0 1 -2 
6 1 1 0 1 0 0 0 1 0 1 -2 
6 1 0 0 1 1 0 1 0 1 -2 
6 0 1 0 1 1 1 0 0 1 -2 
6 0 1 0 1 1 0 0 0 1 1 -2 
6 0 0 0 0 1 1 0 0 0 0 0 0 0 0 0 1 -2 
6 0 1 1 1 1 0 0 0 0 0 0 1 -2 
6 0 1 0 1 1 1 1 1 -2 
6 1 1 0 0 1 0 0 0 1 1 -2 
6 1 0 0 1 0 0 1 1 1 -2 
6 1 1 0 0 1 0 0 0 0 0 0 1 -2 
6 1 0 0 1 1 1 0 0 1 -2 
6 1 0 0 1 0 1 0 0 1 -2 
6 0 0 1 0 1 0 0 0 0 0 0 1 -2 
6 1 1 0 0 0 1 0 0 0 0 0 0 1 -2 
6 1 1 0 0 0 1 1 0 0 1 -2 
6 1 0 0 0 1 1 0 0 0 0 0 0 1 -2 
6 0 0 1 0 1 0 0 0 1 1 -2 
6 0 1 0 0 0 1 1 0 1 -2 
6 1 1 1 0 0 0 0 0 0 0 0 0 1 -2 
6 0 1 0 0 0 0 1 0 0 0 1 -2 
6 0 0 1 0 0 0 0 1 0 1 -2 
6 1 0 0 1 1 0 0 0 0 1 -2 
6 1 0 0 0 1 0 1 0 1 -2 
6 1 0 1 0 0 0 0 0 0 1 1 -2 
6 1 0 0 1 0 0 0 0 0 0 0 0 1 -2 
6 0 1 1 0 0 0 0 0 0 1 1 -2 
6 1 0 0 1 0 0 0 0 1 1 -2 
6 1 0 1 0 0 0 1 1 1 -2 
6 1 0 0 0 1 0 0 0 0 0 0 0 0 1 -2 
6 1 1 0 0 0 0 1 0 0 0 1 -2 
6 0 1 1 0 0 0 1 1 1 -2 
6 0 0 0 0 1 0 1 0 1 -2 
5 0 1 0 0 0 0 0 1 0 0 0 0 0 0 0 0 0 0 0 0 0 0 0 0 0 0 0 0 0 0 0 0 0 1 -2 
5 0 0 0 1 1 0 0 0 0 0 0 0 0 1 0 0 0 0 0 0 0 0 0 0 0 0 1 -2 
5 0 0 0 1 0 0 0 0 0 0 0 0 0 0 0 0 0 0 0 0 0 0 0 0 1 -2 
5 1 1 1 1 0 1 0 1 0 1 -2 
5 1 0 1 1 0 1 1 0 0 0 0 0 1 -2 
5 1 1 0 0 1 1 1 0 0 0 0 1 -2 
5 0 1 1 1 0 1 1 0 0 1 -2 
5 1 1 1 1 0 1 0 0 0 1 1 -2 
5 0 1 1 0 1 1 1 0 0 1 -2 
5 1 1 1 0 1 1 0 0 1 1 -2 
5 1 1 1 1 1 1 0 0 1 1 -2 
5 1 0 1 1 1 1 1 0 0 0 1 -2 
5 1 0 1 1 1 1 0 0 0 0 0 0 1 -2 
5 1 1 0 0 0 1 0 0 0 0 0 0 0 0 0 0 1 -2 
5 1 1 1 1 1 1 0 0 0 0 0 1 -2 
5 0 0 1 1 0 1 1 0 0 0 1 -2 
5 1 1 0 1 1 1 0 1 1 -2 
5 1 1 1 1 0 1 0 1 1 -2 
5 1 0 1 1 0 1 0 0 0 0 1 -2 
5 1 1 0 1 1 1 1 0 1 -2 
5 1 1 0 1 0 0 0 1 0 0 1 -2 
5 0 1 1 1 0 0 0 1 0 0 1 -2 
5 1 0 1 0 0 0 1 1 0 0 0 1 -2 
5 0 0 1 1 0 1 1 0 0 1 -2 
5 1 1 0 1 1 0 1 1 1 -2 
5 0 1 1 0 0 1 0 0 1 1 -2 
5 1 0 0 1 0 1 1 0 0 1 -2 
5 1 0 0 1 0 0 1 0 0 0 0 0 1 -2 
5 0 1 0 0 0 0 0 0 0 0 0 0 0 0 0 0 0 0 0 1 -2 
5 1 1 1 1 1 1 0 1 1 -2 
5 0 1 1 0 1 0 0 0 0 1 1 -2 
5 0 1 1 1 0 1 0 0 0 0 0 1 -2 
5 0 1 0 1 0 1 0 0 0 0 0 1 -2 
5 0 1 0 1 0 0 0 1 0 0 1 -2 
5 1 0 0 1 1 0 1 0 0 0 1 -2 
5 1 1 1 0 0 1 0 0 0 1 1 -2 
5 1 0 1 0 0 1 0 1 1 -2 
5 0 1 1 1 0 0 1 1 1 -2 
5 1 0 0 1 1 1 0 1 1 -2 
5 1 0 0 0 0 1 1 0 0 0 1 1 -2 
5 1 1 0 1 1 0 0 0 0 0 0 0 1 -2 
5 1 0 0 1 0 1 1 0 1 -2 
5 1 0 0 1 1 1 0 0 0 0 1 -2 
5 1 0 0 0 0 1 1 0 0 1 1 -2 
5 1 1 1 1 1 0 0 0 0 0 0 1 -2 
5 0 1 0 0 0 1 1 1 0 1 -2 
5 1 0 1 1 0 0 1 1 1 -2 
5 1 0 1 1 0 0 0 0 0 0 0 0 0 1 -2 
5 1 0 1 0 0 0 1 0 0 0 0 1 -2 
5 0 1 0 0 0 0 1 1 0 0 0 1 -2 
5 1 1 0 0 1 1 0 1 1 -2 
5 1 1 1 0 0 1 0 0 0 0 0 1 -2 
5 0 0 1 0 0 1 1 0 0 0 1 -2 
5 0 1 1 0 1 0 0 0 1 1 -2 
5 1 1 1 1 0 0 0 0 0 0 1 1 -2 
5 1 1 0 0 0 0 1 1 0 1 -2 
5 1 0 1 1 0 0 0 0 1 1 -2 
5 1 0 1 1 0 0 0 0 0 0 0 0 1 -2 
5 0 0 0 1 0 1 1 0 0 0 1 -2 
5 0 0 1 0 0 1 1 0 1 -2 
5 1 1 0 0 1 0 0 0 0 0 0 0 1 -2 
5 0 1 1 1 1 1 1 1 -2 
5 1 1 1 1 0 0 0 0 0 1 1 -2 
5 1 0 1 0 1 1 1 1 -2 
5 0 0 1 0 1 1 0 0 0 1 -2 
5 1 1 0 1 1 0 0 0 0 0 1 -2 
5 1 0 0 1 0 0 0 0 0 1 1 -2 
5 0 1 0 0 0 1 0 0 0 0 0 1 -2 
5 0 0 1 1 1 1 0 1 -2 
5 0 1 1 0 0 0 0 0 0 0 1 1 -2 
5 1 0 0 0 1 1 0 1 1 -2 
5 0 1 0 0 0 0 0 1 0 0 1 -2 
5 0 0 1 0 1 1 0 1 -2 
5 0 1 1 1 0 0 0 0 0 0 0 1 -2 
5 1 1 0 0 0 0 0 1 0 0 1 -2 
5 1 0 0 0 1 1 1 0 1 -2 
5 0 0 0 1 1 0 0 0 0 0 0 1 -2 
5 1 0 0 0 0 0 0 0 0 0 0 0 0 0 0 0 0 1 -2 
5 1 0 0 0 0 1 0 0 0 0 0 1 -2 
5 0 0 1 0 0 0 0 0 0 1 1 -2 
5 0 0 0 1 0 0 0 0 0 0 1 1 -2 
5 1 0 0 0 0 0 1 0 0 0 0 0 1 -2 
4 1 0 0 0 1 1 0 0 0 0 0 0 0 0 1 0 0 0 0 0 0 0 0 0 0 0 0 1 -2 
4 1 0 0 1 0 0 0 0 0 0 0 1 1 0 0 0 0 0 0 0 0 0 0 0 1 -2 
4 1 0 0 1 0 0 0 0 0 0 0 0 1 0 0 0 0 0 0 0 0 0 0 0 0 1 -2 
4 0 0 0 0 0 0 0 0 0 0 1 1 0 0 0 0 0 0 0 0 0 0 0 1 1 -2 
4 1 1 1 1 1 1 1 0 1 0 1 -2 
4 0 0 0 0 1 0 0 0 0 0 0 0 0 0 0 0 0 0 0 0 0 0 0 0 0 0 1 -2 
4 0 1 1 0 0 0 0 1 0 0 0 0 0 0 0 0 0 0 1 -2 
4 1 1 1 0 0 0 0 0 0 0 0 0 0 0 0 0 0 0 0 0 0 1 -2 
4 1 1 0 0 0 1 1 0 0 0 0 0 0 0 0 0 1 -2 
4 1 1 1 0 0 0 1 0 0 0 0 0 0 0 0 0 0 0 1 -2 
4 1 1 1 1 1 1 0 1 0 1 -2 
4 0 1 1 1 0 0 1 1 0 0 0 1 -2 
4 1 1 1 1 0 1 1 1 0 1 -2 
4 1 1 0 1 0 1 1 0 0 0 0 1 -2 
4 0 1 0 0 0 1 1 0 0 0 0 0 0 0 0 0 1 -2 
4 0 1 0 1 1 1 0 1 0 1 -2 
4 0 1 0 0 0 1 1 0 0 0 0 0 0 0 0 0 0 1 -2 
4 1 1 0 1 1 1 1 0 1 1 -2 
4 1 1 1 0 1 1 0 0 0 0 1 1 -2 
4 1 1 1 0 1 0 1 0 1 1 -2 
4 1 1 0 1 1 0 0 1 0 0 0 1 -2 
4 1 1 1 1 0 1 1 0 0 0 0 0 1 -2 
4 1 0 0 1 0 0 1 1 0 0 0 0 0 1 -2 
4 1 0 1 1 0 0 1 0 0 0 0 1 -2 
4 1 0 1 0 0 1 1 0 0 0 0 1 -2 
4 0 1 1 1 1 1 1 0 0 0 1 -2 
4 1 1 1 1 0 0 0 1 0 1 1 -2 
4 1 1 1 0 1 1 0 0 0 0 0 0 0 1 -2 
4 0 1 0 1 0 1 1 0 0 0 1 -2 
4 1 0 1 1 0 0 1 0 0 0 0 0 1 -2 
4 0 1 0 1 1 0 1 0 0 0 1 -2 
4 0 1 1 0 1 1 0 0 0 1 1 -2 
4 1 0 0 1 0 1 1 0 0 0 0 1 -2 
4 1 1 1 0 1 1 1 0 0 0 1 -2 
4 1 0 1 0 1 1 0 0 1 1 -2 
4 0 1 0 1 0 0 1 1 0 1 -2 
4 1 1 1 1 1 1 0 0 0 0 0 0 0 1 -2 
4 1 1 1 0 0 1 1 0 1 1 -2 
4 1 1 0 1 1 1 0 0 0 0 0 0 0 1 -2 
4 1 1 0 1 1 0 1 0 0 0 1 -2 
4 0 1 1 1 1 0 1 0 0 0 1 -2 
4 1 0 1 1 1 1 0 0 0 1 1 -2 
4 0 1 1 1 0 1 0 0 1 1 -2 
4 1 1 1 0 1 1 0 0 0 0 0 0 1 -2 
4 0 1 1 0 1 0 1 0 0 0 1 -2 
4 0 0 1 1 1 0 1 0 0 0 0 1 -2 
4 0 0 1 1 0 1 0 1 0 1 -2 
4 0 1 0 0 1 0 0 0 0 0 0 0 0 0 0 0 1 -2 
4 0 1 0 0 1 1 0 0 0 1 1 -2 
4 1 1 1 0 0 1 0 0 1 1 -2 
4 0 1 1 0 1 1 1 0 1 -2 
4 0 0 1 1 1 1 1 0 0 1 -2 
4 0 1 1 1 1 1 0 1 1 -2 
4 1 0 1 1 1 0 1 1 1 -2 
4 0 1 0 1 1 1 0 1 1 -2 
4 1 1 1 1 1 1 1 0 1 -2 
4 1 1 1 0 0 0 1 1 0 0 1 -2 
4 1 0 1 0 0 0 0 1 0 0 0 0 1 -2 
4 0 1 0 1 1 1 0 0 0 0 0 1 -2 
4 1 0 1 0 1 0 0 0 0 1 1 -2 
4 1 1 1 1 1 0 0 0 0 0 0 0 0 1 -2 
4 0 1 1 1 0 0 0 1 0 0 0 1 -2 
4 0 1 0 0 1 0 0 0 0 0 0 0 0 0 1 -2 
4 1 1 0 0 1 1 1 0 0 0 1 -2 
4 0 1 1 1 1 0 1 0 1 -2 
4 1 1 0 1 0 1 0 0 0 0 0 1 -2 
4 1 1 0 1 0 1 1 0 1 -2 
4 1 1 1 0 0 1 0 0 0 0 0 0 1 -2 
4 1 0 0 1 0 1 0 0 0 0 0 0 0 1 -2 
4 1 0 1 1 0 1 1 0 1 -2 
4 0 0 1 0 1 1 1 0 0 1 -2 
4 0 1 0 0 1 1 1 0 0 0 1 -2 
4 1 1 1 0 0 1 0 0 0 0 0 0 0 1 -2 
4 1 1 0 1 1 1 0 0 0 0 0 1 -2 
4 0 1 1 0 0 0 0 1 0 0 0 0 1 -2 
4 1 1 1 0 1 0 0 0 0 0 0 0 0 1 -2 
4 1 0 1 0 1 0 0 0 0 0 0 1 -2 
4 0 1 1 1 1 1 0 0 1 -2 
4 1 0 1 0 0 0 0 1 0 0 1 -2 
4 1 1 1 0 1 0 0 0 1 1 -2 
4 0 1 0 0 1 1 0 1 1 -2 
4 1 0 1 1 0 0 0 0 0 0 0 0 0 0 0 1 -2 
4 0 0 1 0 1 1 1 0 1 -2 
4 1 0 1 1 1 0 0 0 0 0 0 0 1 -2 
4 0 1 1 0 0 0 1 0 0 0 0 1 -2 
4 1 0 0 1 0 1 0 0 0 0 0 1 -2 
4 1 0 0 1 1 0 0 0 0 0 1 1 -2 
4 0 1 1 0 0 1 1 0 1 -2 
4 1 0 0 1 1 1 0 0 0 0 0 1 -2 
4 1 1 1 1 1 0 0 0 0 0 0 0 1 -2 
4 0 1 1 0 0 0 0 0 1 0 0 1 -2 
4 1 1 1 0 0 0 1 0 0 0 0 0 1 -2 
4 1 1 1 0 0 0 1 1 0 1 -2 
4 1 1 0 0 1 1 0 0 0 0 0 1 -2 
4 1 1 0 0 1 0 0 0 0 1 1 -2 
4 0 0 0 0 1 1 0 0 0 0 0 0 0 0 0 0 1 -2 
4 0 0 1 0 1 1 0 0 0 0 0 1 -2 
4 1 0 1 1 1 0 0 0 1 1 -2 
4 0 1 1 1 0 0 0 0 0 0 0 0 0 1 -2 
4 0 1 0 1 1 0 0 0 0 0 0 1 -2 
4 0 0 0 0 1 0 1 0 0 0 0 0 0 0 1 -2 
4 0 0 1 0 1 0 0 0 0 0 0 0 1 -2 
4 0 0 1 1 0 0 0 0 0 0 1 1 -2 
4 1 0 1 0 0 0 1 0 0 1 -2 
4 1 0 0 0 0 1 1 1 0 1 -2 
4 0 0 1 0 1 0 0 1 1 -2 
4 0 0 0 1 1 1 0 0 0 0 0 0 1 -2 
4 0 1 1 0 0 0 0 1 0 1 -2 
4 0 1 0 0 1 0 0 0 0 0 0 0 1 -2 
4 1 0 1 0 0 0 0 1 0 1 -2 
4 1 1 0 1 0 0 0 0 1 1 -2 
4 1 0 1 1 0 0 0 0 0 1 1 -2 
4 0 1 0 1 0 0 0 0 1 1 -2 
4 0 0 0 1 1 0 0 0 0 0 0 0 1 1 -2 
4 0 1 1 1 0 0 0 0 0 1 1 -2 
4 0 0 1 1 1 0 0 1 1 -2 
4 0 1 1 1 0 0 0 0 1 1 -2 
4 0 1 0 0 0 0 1 0 0 0 0 1 -2 
4 0 0 0 1 1 0 0 0 0 0 0 0 0 0 1 -2 
4 0 1 0 1 0 0 0 0 0 0 0 0 1 -2 
4 1 0 0 1 0 0 0 0 0 0 0 0 0 0 1 -2 
4 0 1 1 0 1 1 1 1 -2 
4 0 1 0 0 1 0 0 0 0 0 0 1 -2 
4 0 1 0 1 0 0 0 0 0 1 1 -2 
4 0 0 1 0 0 0 0 1 1 1 -2 
4 1 0 1 0 0 0 0 0 0 0 0 0 0 1 -2 
4 1 0 0 0 0 1 0 0 0 0 0 0 0 1 -2 
4 1 1 0 0 0 0 1 0 0 1 -2 
4 1 0 0 0 0 0 0 1 0 0 0 0 0 1 -2 
4 0 0 0 0 1 1 1 0 0 1 -2 
4 0 0 0 0 0 0 0 0 0 0 0 0 0 0 0 0 0 0 1 -2 
4 1 0 0 0 1 0 1 1 1 -2 
4 1 1 0 0 0 0 0 0 0 0 0 1 1 -2 
4 1 1 1 0 0 0 0 0 0 1 1 -2 
4 0 0 0 0 0 0 0 0 0 0 0 0 0 0 0 1 -2 
4 0 0 1 1 0 0 0 0 1 1 -2 
3 0 1 0 1 0 0 0 1 1 0 0 1 0 0 0 0 0 0 0 0 0 1 -2 
3 0 0 0 0 0 1 0 0 0 0 0 0 0 0 0 0 0 0 0 0 0 0 0 0 0 0 0 0 0 0 0 1 -2 
3 1 1 1 1 1 0 0 0 0 0 1 0 0 0 0 0 0 0 0 0 0 0 0 1 -2 
3 1 1 1 0 1 1 0 1 0 0 1 1 -2 
3 1 0 1 0 0 1 1 0 0 0 0 0 0 0 0 0 0 1 -2 
3 0 1 1 1 1 1 0 1 0 0 0 0 1 -2 
3 1 1 0 0 1 0 0 1 1 0 0 0 0 0 1 -2 
3 1 1 1 0 0 1 1 0 0 0 0 0 0 0 0 0 0 1 -2 
3 1 0 1 0 0 0 0 0 0 0 1 0 0 0 0 0 0 0 0 0 0 0 1 -2 
3 1 0 1 0 1 0 1 1 0 0 0 1 -2 
3 1 1 1 0 1 1 0 1 0 0 1 -2 
3 1 1 0 1 0 1 1 1 0 0 1 -2 
3 1 1 1 0 1 1 0 0 0 0 0 0 0 0 0 0 1 -2 
3 1 1 1 1 0 1 1 1 0 0 1 -2 
3 1 1 1 0 1 1 0 0 0 0 0 0 0 0 0 0 0 1 -2 
3 1 1 1 1 1 1 1 0 0 1 1 -2 
3 0 0 1 0 0 0 0 0 0 1 0 0 0 0 0 0 0 0 0 0 0 0 1 -2 
3 0 1 1 1 0 1 1 0 0 1 1 -2 
3 1 1 1 0 1 0 0 0 1 0 0 0 0 1 -2 
3 1 0 1 0 0 1 1 1 0 0 1 -2 
3 1 0 0 0 1 0 1 0 0 0 0 0 0 0 0 0 1 -2 
3 1 1 1 1 0 0 1 1 0 0 0 1 -2 
3 1 1 1 0 1 0 0 1 0 0 0 1 -2 
3 1 1 1 1 0 1 1 0 0 0 0 1 -2 
3 0 1 0 0 1 1 0 1 0 0 0 1 -2 
3 0 1 1 0 1 0 1 0 0 0 0 0 1 -2 
3 1 0 1 1 1 0 0 1 0 0 0 1 -2 
3 1 1 0 1 1 1 0 0 0 0 1 1 -2 
3 1 1 1 0 0 1 0 0 0 0 0 0 0 0 0 0 0 1 -2 
3 1 1 1 1 0 1 1 0 1 1 -2 
3 0 1 0 0 0 0 0 0 0 0 1 0 0 0 0 1 1 -2 
3 0 1 0 1 1 1 1 0 0 0 0 0 1 -2 
3 1 1 0 0 1 1 0 0 0 0 0 0 0 0 0 0 0 1 -2 
3 1 1 1 0 1 0 1 0 0 0 0 0 1 -2 
3 1 1 0 1 1 0 1 0 0 0 0 1 -2 
3 1 0 1 1 1 1 0 1 0 1 -2 
3 0 1 0 1 0 0 1 1 0 0 1 -2 
3 1 0 1 1 0 1 1 1 0 1 -2 
3 1 1 1 1 0 0 1 0 0 0 0 0 0 1 -2 
3 0 1 1 1 0 1 0 0 0 0 0 0 0 0 1 -2 
3 1 0 1 0 1 1 1 0 0 0 0 1 -2 
3 1 0 0 0 0 0 0 0 0 0 0 1 0 0 0 0 0 0 0 0 0 0 0 1 -2 
3 1 1 1 1 1 1 1 0 0 0 0 1 -2 
3 0 1 0 1 1 0 1 0 0 0 0 1 -2 
3 1 1 0 0 1 1 1 0 1 1 -2 
3 1 0 1 1 0 0 0 1 0 0 0 0 1 -2 
3 1 1 0 0 1 0 1 0 0 0 0 1 -2 
3 0 1 1 0 1 0 0 1 0 1 -2 
3 1 0 1 1 1 0 0 0 0 0 0 0 0 0 0 1 -2 
3 0 1 1 1 1 1 1 0 0 1 -2 
3 1 1 0 0 0 0 0 0 0 0 0 0 0 0 0 0 0 1 -2 
3 1 1 0 1 1 1 0 0 1 1 -2 
3 1 1 1 1 1 0 0 0 0 0 0 0 0 0 1 -2 
3 1 1 0 1 0 0 0 1 0 0 0 0 0 1 -2 
3 1 0 1 1 1 1 1 0 0 1 -2 
3 1 1 0 1 1 0 1 0 0 1 -2 
3 1 1 0 1 1 1 1 0 0 0 1 -2 
3 0 1 0 0 0 0 0 1 0 0 0 0 0 0 0 0 0 0 1 -2 
3 1 0 1 1 0 1 1 0 0 1 -2 
3 1 1 1 1 0 1 0 0 0 0 0 0 1 -2 
3 1 1 1 1 0 0 1 1 0 1 -2 
3 1 0 0 0 0 0 1 1 0 0 0 0 0 0 0 0 0 1 -2 
3 1 0 1 0 0 1 1 0 1 1 -2 
3 1 1 1 1 0 0 1 0 0 0 0 0 1 -2 
3 0 1 0 1 1 1 1 0 0 1 -2 
3 1 1 1 0 0 1 0 1 0 1 -2 
3 1 1 1 0 0 1 1 0 0 0 0 0 1 -2 
3 0 1 1 1 0 1 1 0 0 0 1 -2 
3 1 0 1 1 0 1 0 0 0 0 0 0 1 -2 
3 1 0 0 1 0 1 1 0 0 0 0 0 1 -2 
3 1 1 1 1 0 0 0 0 0 0 0 0 0 0 0 0 0 1 -2 
3 1 1 0 1 0 0 0 1 0 0 0 0 1 -2 
3 1 0 0 1 0 0 0 0 1 0 0 0 0 1 -2 
3 0 0 1 1 0 0 1 1 0 0 0 1 -2 
3 0 1 0 1 1 1 0 0 0 1 1 -2 
3 1 1 1 1 1 0 1 0 0 1 -2 
3 0 0 0 0 1 0 1 0 0 0 0 0 0 0 0 0 1 -2 
3 1 1 0 0 0 0 1 0 0 0 0 0 0 0 0 0 0 0 1 -2 
3 1 1 0 0 0 0 1 0 0 0 0 0 0 0 0 0 0 1 -2 
3 1 0 0 1 1 1 1 0 0 0 0 0 1 -2 
3 1 1 1 0 0 0 0 0 0 0 0 0 0 0 0 0 0 0 0 1 -2 
3 1 0 1 0 1 1 0 0 0 0 0 1 -2 
3 1 1 0 0 1 0 0 0 0 0 0 0 0 0 1 -2 
3 1 0 0 1 1 1 0 0 0 1 1 -2 
3 0 1 1 1 1 1 0 0 0 0 0 1 -2 
3 1 0 0 0 0 0 0 1 0 0 0 0 0 0 0 0 0 1 -2 
3 0 1 1 1 0 0 0 0 0 1 0 1 -2 
3 0 0 1 0 0 1 1 0 0 0 0 1 -2 
3 0 1 0 0 0 0 0 0 0 0 0 0 0 0 0 0 0 0 1 1 -2 
3 0 1 0 0 1 0 1 0 0 1 -2 
3 1 1 1 0 0 0 1 1 0 0 0 1 -2 
3 1 1 0 0 0 1 0 0 0 0 0 0 0 0 0 1 -2 
3 1 0 0 1 1 1 0 0 0 0 0 0 1 -2 
3 1 1 0 0 1 1 0 0 0 0 0 0 1 -2 
3 1 0 1 1 0 0 0 1 0 0 0 1 -2 
3 1 0 0 0 1 0 1 0 0 0 0 0 0 0 1 -2 
3 1 1 0 0 0 1 0 0 0 0 0 0 0 0 0 0 0 1 -2 
3 1 0 1 1 1 1 1 0 1 -2 
3 1 0 1 1 1 0 0 0 0 1 1 -2 
3 0 1 1 0 1 0 0 0 0 0 1 1 -2 
3 1 0 0 1 1 1 1 0 0 0 1 -2 
3 1 1 0 0 1 1 0 0 0 1 1 -2 
3 1 0 0 1 0 1 0 0 1 1 -2 
3 1 0 1 1 1 1 0 0 0 0 0 1 -2 
3 0 1 0 0 0 0 0 0 0 0 0 0 0 0 0 0 1 -2 
3 0 0 1 0 0 1 0 0 0 0 1 1 -2 
3 0 0 1 1 1 0 0 0 0 0 0 0 0 0 1 -2 
3 0 0 0 0 0 0 0 0 0 0 1 0 0 0 0 0 0 0 0 0 0 0 0 1 -2 
3 1 0 0 1 1 1 0 0 0 0 0 0 0 1 -2 
3 1 0 1 1 0 1 0 0 0 0 0 1 -2 
3 1 0 0 1 0 0 1 1 0 1 -2 
3 1 1 1 0 1 0 1 1 1 -2 
3 0 0 1 0 1 1 0 0 0 0 0 0 1 -2 
3 1 0 0 0 1 1 0 0 0 0 0 0 0 0 0 1 -2 
3 1 1 0 0 0 1 1 0 0 0 0 0 0 1 -2 
3 0 1 1 0 1 1 0 1 1 -2 
3 0 1 0 0 1 1 1 0 0 1 -2 
3 0 0 1 1 0 0 0 1 0 0 0 0 1 -2 
3 1 0 1 0 0 0 1 0 0 0 0 0 0 1 -2 
3 0 0 1 1 0 0 0 1 0 0 0 1 -2 
3 0 0 1 1 1 1 0 0 0 0 1 -2 
3 1 0 1 1 0 0 0 0 0 0 0 0 0 0 1 -2 
3 0 1 0 0 1 0 0 0 0 0 0 0 0 1 -2 
3 1 1 1 0 0 0 0 1 0 0 0 1 -2 
3 1 1 1 0 0 0 0 0 0 1 1 1 -2 
3 1 0 0 0 0 0 1 0 0 0 0 0 0 0 0 0 1 -2 
3 1 0 1 0 0 0 1 0 0 0 0 0 1 -2 
3 0 1 0 1 0 0 1 1 1 -2 
3 0 0 1 0 1 0 1 1 1 -2 
3 0 1 1 0 1 0 0 0 0 0 0 1 -2 
3 1 0 1 0 1 0 0 0 0 0 0 0 1 -2 
3 1 1 0 0 1 0 0 0 0 0 0 0 0 1 -2 
3 0 0 1 1 1 1 0 0 0 0 0 1 -2 
3 1 1 1 0 0 1 1 1 1 -2 
3 0 1 1 0 0 0 1 1 0 1 -2 
3 1 1 1 0 0 0 0 0 1 0 0 1 -2 
3 0 1 1 0 0 0 0 1 0 0 0 1 -2 
3 1 0 0 0 0 1 0 0 0 0 0 0 0 0 0 0 0 1 -2 
3 0 0 0 1 0 0 1 0 0 0 0 0 0 0 1 -2 
3 0 1 0 0 1 1 1 0 1 -2 
3 0 0 1 1 0 0 1 0 0 1 -2 
3 1 1 0 1 0 0 0 0 0 0 0 0 0 0 0 0 1 -2 
3 1 1 0 1 1 0 0 0 0 0 0 1 -2 
3 1 0 1 1 1 1 0 0 1 -2 
3 0 1 0 0 0 1 1 0 0 0 0 0 1 -2 
3 1 0 0 0 0 0 1 0 0 0 0 0 0 0 0 0 0 0 1 -2 
3 1 0 0 0 1 1 0 0 0 0 0 0 0 0 1 -2 
3 0 1 1 0 0 1 0 0 0 0 0 1 -2 
3 1 1 1 0 0 0 0 1 0 0 1 -2 
3 0 1 0 0 1 0 1 0 1 -2 
3 0 0 0 1 1 1 0 0 0 0 0 0 0 0 1 -2 
3 1 1 0 0 0 0 1 1 0 0 0 1 -2 
3 1 1 0 1 0 0 1 1 1 -2 
3 1 1 0 0 1 0 1 1 1 -2 
3 0 1 0 0 1 1 0 0 0 0 1 -2 
3 0 1 0 0 0 0 1 1 0 1 -2 
3 1 1 0 0 0 0 0 1 0 0 0 0 1 -2 
3 1 0 0 0 0 1 0 0 0 0 0 0 0 0 1 -2 
3 1 1 0 0 0 1 0 0 0 0 0 0 0 1 -2 
3 1 0 0 1 0 0 0 1 0 1 -2 
3 1 0 0 1 0 0 0 0 0 0 1 1 -2 
3 1 0 1 1 1 1 1 1 -2 
3 0 0 1 0 0 1 0 0 0 0 0 1 -2 
3 1 0 0 0 1 1 0 0 0 0 0 0 0 1 -2 
3 1 0 0 0 1 1 1 0 0 1 -2 
3 0 0 1 1 0 0 1 1 1 -2 
3 1 0 0 0 1 0 0 0 0 0 0 1 1 -2 
3 1 0 1 0 0 0 0 0 1 0 1 -2 
3 1 0 0 1 1 0 0 0 1 1 -2 
3 1 1 1 0 0 0 0 0 1 1 1 -2 
3 0 0 1 1 1 1 0 0 1 -2 
3 0 0 1 0 0 0 1 0 1 1 -2 
3 0 0 0 1 1 0 0 0 0 0 0 0 0 0 0 0 1 -2 
3 1 0 0 0 0 0 0 0 0 0 0 0 0 0 0 1 -2 
3 1 0 0 0 1 1 1 0 0 0 1 -2 
3 0 1 0 0 0 0 0 0 1 0 0 1 -2 
3 0 0 0 1 0 0 1 0 0 0 0 0 1 -2 
3 0 0 1 1 0 0 0 0 0 1 1 -2 
3 1 0 1 0 0 0 0 0 0 0 1 1 -2 
3 1 0 0 0 0 1 1 0 0 1 -2 
3 0 0 0 1 1 1 0 0 0 0 1 -2 
3 0 1 1 0 0 0 0 0 0 0 0 0 0 0 0 1 -2 
3 1 1 1 0 0 0 0 0 0 0 0 0 0 1 -2 
3 0 0 1 0 0 0 1 0 0 0 1 -2 
3 1 1 0 0 0 1 0 1 1 -2 
3 1 1 1 0 0 0 0 0 0 0 0 0 0 0 1 -2 
3 0 0 0 1 1 0 0 0 0 0 0 0 0 1 -2 
3 0 0 1 0 1 1 1 1 -2 
3 1 1 1 0 0 0 0 0 0 0 1 1 -2 
3 0 0 0 1 1 0 1 0 1 -2 
3 1 0 0 0 0 1 0 0 1 1 -2 
3 0 0 0 1 0 1 0 0 0 0 0 1 -2 
3 0 0 0 1 0 0 1 0 0 0 1 -2 
2 1 1 1 0 0 0 0 1 0 0 0 0 0 0 0 0 0 0 1 0 0 0 0 0 0 0 0 0 0 0 0 0 1 -2 
2 0 0 0 0 0 0 0 0 1 0 0 0 0 0 0 0 0 0 0 0 1 0 0 0 0 0 0 0 0 0 0 0 0 0 0 1 -2 
2 1 1 0 0 0 0 1 0 0 0 0 0 0 0 0 0 0 0 0 0 0 0 0 0 0 0 0 0 0 0 0 0 1 -2 
2 0 1 1 0 0 1 0 0 1 0 0 1 1 0 0 0 0 1 -2 
2 1 1 0 0 0 0 0 1 0 0 0 0 0 0 0 0 0 0 0 0 0 0 0 0 0 0 0 0 0 0 0 0 0 0 1 -2 
2 1 1 1 0 0 1 0 1 0 1 0 0 0 0 0 0 0 0 0 1 -2 
2 1 1 1 1 1 0 1 0 1 0 0 0 0 0 0 0 0 0 0 1 -2 
2 1 0 0 0 0 0 0 1 0 0 0 0 0 0 0 0 0 0 0 0 0 0 0 0 0 0 0 0 0 0 0 0 1 -2 
2 1 0 1 1 1 0 1 1 1 0 0 0 0 0 0 0 0 0 1 -2 
2 0 0 1 1 1 1 0 0 0 0 0 0 0 1 0 0 0 0 0 0 0 0 0 0 0 0 1 -2 
2 1 1 1 0 1 0 1 0 1 0 0 0 0 0 0 0 0 0 0 1 -2 
2 0 1 1 1 0 0 1 0 1 0 0 0 0 0 0 0 0 0 1 -2 
2 0 0 0 0 0 0 0 0 0 0 0 0 0 0 0 0 0 0 0 0 0 0 0 0 0 0 0 0 0 0 0 1 -2 
2 0 1 1 1 0 0 0 0 0 1 0 0 0 0 0 0 0 0 0 0 0 0 0 1 -2 
2 1 1 0 0 0 1 0 0 0 0 0 0 0 0 0 0 0 0 0 0 0 0 0 0 0 0 1 -2 
2 1 1 0 0 1 0 0 0 0 0 0 0 0 0 0 0 0 0 0 0 0 0 0 0 0 0 1 -2 
2 1 1 1 1 0 0 1 0 0 0 0 0 1 0 0 0 0 0 1 -2 
2 0 0 1 0 1 0 0 0 0 0 0 0 1 0 0 0 0 0 0 0 0 0 0 0 1 -2 
2 1 0 1 0 0 0 0 0 1 0 1 0 0 0 0 0 0 0 0 0 1 -2 
2 1 1 0 1 0 0 1 1 0 0 0 0 0 0 0 0 0 0 1 -2 
2 1 1 1 0 1 0 0 0 1 0 0 0 0 0 0 0 0 0 0 0 1 -2 
2 1 0 1 1 1 0 0 0 0 0 0 0 0 0 0 0 0 0 0 1 -2 
2 1 1 1 1 0 0 0 1 1 0 0 0 0 0 0 0 0 0 0 0 1 -2 
2 1 1 1 0 1 0 0 0 0 0 0 0 0 0 0 0 0 0 0 1 -2 
2 0 1 1 0 1 0 1 1 0 0 0 0 0 0 0 0 1 -2 
2 1 0 1 0 1 0 0 1 0 0 0 0 0 0 0 0 0 0 1 -2 
2 1 1 0 0 0 0 0 0 0 0 0 0 0 1 0 0 0 0 0 0 0 0 0 0 0 0 0 1 -2 
2 1 0 0 1 0 0 0 0 0 0 0 0 1 0 0 0 0 0 0 0 0 0 0 0 1 -2 
2 1 1 1 1 0 0 1 1 0 0 0 0 0 0 0 0 0 0 0 0 1 -2 
2 1 1 0 1 0 0 0 0 0 0 0 0 0 0 0 0 0 0 0 0 0 0 0 0 0 1 -2 
2 1 1 1 1 1 0 1 1 1 0 0 0 1 -2 
2 1 1 1 1 0 0 0 0 0 0 0 0 0 0 0 0 0 0 0 0 0 0 0 1 -2 
2 1 1 0 0 1 0 0 0 0 0 0 0 0 0 0 0 0 0 0 1 -2 
2 1 0 0 1 0 1 1 1 0 0 0 0 0 0 0 0 1 -2 
2 0 1 1 1 0 1 1 1 1 0 0 1 -2 
2 0 1 1 0 1 0 0 1 1 0 0 0 0 0 1 -2 
2 1 0 1 1 0 0 0 0 0 1 0 0 0 0 0 0 0 0 0 0 0 0 1 -2 
2 1 0 0 1 0 0 1 1 0 0 0 0 0 0 0 0 0 0 0 1 -2 
2 1 1 1 0 1 1 1 0 0 1 0 1 -2 
2 1 1 1 1 1 0 1 0 0 0 0 0 0 0 0 0 1 -2 
2 0 1 1 0 0 0 0 0 1 1 0 0 0 0 0 0 0 0 0 1 -2 
2 1 1 1 0 1 1 0 0 0 1 0 0 0 0 1 -2 
2 0 0 1 0 0 0 0 0 0 0 1 1 0 0 0 0 0 0 0 0 0 0 0 0 1 -2 
2 1 1 1 1 0 1 0 1 0 0 0 0 0 0 0 1 -2 
2 1 1 1 1 1 1 0 1 0 0 0 0 0 0 1 -2 
2 1 1 1 1 0 0 0 0 0 1 0 0 0 0 0 0 0 0 0 0 0 0 1 -2 
2 1 0 0 0 1 0 0 0 0 0 0 0 0 0 0 0 0 0 0 0 0 0 0 0 0 0 1 -2 
2 0 0 0 1 0 0 0 0 0 0 1 1 0 0 0 0 0 0 0 0 0 0 0 0 1 -2 
2 1 1 1 1 0 1 1 1 1 0 0 1 -2 
2 1 0 1 1 0 0 0 0 0 0 0 0 0 0 0 0 0 0 0 0 0 0 0 1 -2 
2 1 0 1 0 1 1 1 0 0 0 0 0 0 0 0 0 1 -2 
2 1 0 1 0 0 1 0 0 0 0 0 0 1 0 0 1 -2 
2 1 1 0 0 0 0 0 1 0 1 0 0 0 0 0 0 0 0 0 1 -2 
2 1 1 1 1 1 0 1 1 1 0 1 -2 
2 1 1 0 1 1 0 0 1 0 0 0 0 0 0 1 -2 
2 0 1 1 1 0 0 1 0 0 0 0 0 0 0 0 0 0 1 -2 
2 0 0 0 0 0 0 0 0 0 1 1 0 0 0 0 0 0 0 0 0 0 1 1 -2 
2 0 0 1 0 1 1 0 0 0 0 0 0 0 0 0 0 1 1 -2 
2 0 0 1 1 1 0 1 1 0 0 0 0 0 0 1 -2 
2 1 0 0 0 1 1 1 0 0 0 1 0 0 0 0 1 -2 
2 1 1 1 1 1 0 1 0 1 0 1 -2 
2 1 0 1 1 1 0 0 1 0 0 1 1 -2 
2 1 1 0 1 1 0 0 0 1 1 0 0 1 -2 
2 1 0 1 1 0 0 1 0 0 0 0 0 0 0 0 0 1 -2 
2 0 0 0 0 0 0 0 1 0 0 1 1 0 0 0 0 0 0 0 0 1 -2 
2 1 1 0 1 1 1 1 1 0 0 0 0 1 -2 
2 1 1 1 1 1 1 1 0 0 0 0 1 1 -2 
2 1 1 1 1 0 1 1 0 1 0 1 -2 
2 1 0 0 1 0 0 0 0 0 0 0 0 0 0 0 0 0 0 0 0 0 0 0 1 -2 
2 1 1 0 1 1 0 1 1 0 0 0 0 0 1 -2 
2 1 1 1 1 0 0 1 0 0 0 0 0 0 0 0 0 0 0 1 -2 
2 1 0 1 1 0 1 0 0 0 1 0 0 0 1 -2 
2 1 0 1 0 0 0 0 0 0 0 0 0 0 0 0 0 0 0 0 0 0 0 0 1 -2 
2 1 1 0 0 0 0 0 0 0 0 0 0 1 0 0 0 0 0 0 0 0 0 0 0 1 -2 
2 1 1 1 0 0 1 0 0 0 0 1 0 0 1 -2 
2 1 0 1 0 0 0 0 0 0 1 0 0 0 0 0 0 0 0 0 0 0 1 -2 
2 0 0 1 1 0 1 0 0 1 0 0 0 0 1 -2 
2 1 1 0 1 1 0 0 0 1 0 0 0 0 0 0 1 -2 
2 0 0 0 1 0 0 0 0 0 0 0 0 0 0 0 0 0 0 0 0 0 0 0 0 0 0 1 -2 
2 0 1 0 1 0 1 0 1 0 0 0 0 1 -2 
2 1 0 1 0 1 0 0 0 0 1 0 0 0 0 0 1 -2 
2 1 1 1 1 0 1 1 1 1 0 1 -2 
2 0 0 0 1 0 0 0 0 0 0 0 0 1 0 0 0 0 0 0 0 0 0 0 0 1 -2 
2 1 0 1 1 1 0 0 1 0 0 0 0 1 -2 
2 0 1 0 1 1 0 0 1 0 0 0 0 0 1 -2 
2 0 1 1 0 1 0 1 1 0 0 1 -2 
2 1 1 0 1 1 0 0 1 0 0 0 0 1 -2 
2 1 1 0 1 1 0 0 0 0 1 0 0 0 1 -2 
2 1 1 1 0 1 0 0 1 0 0 0 0 1 -2 
2 1 1 1 1 1 0 1 0 0 0 0 0 0 0 1 -2 
2 1 0 1 1 0 1 1 1 0 0 0 1 -2 
2 1 1 1 1 1 1 0 0 0 0 0 0 0 0 0 1 -2 
2 1 0 0 0 1 0 1 1 0 0 0 0 0 0 0 0 1 -2 
2 1 1 0 1 1 0 1 0 0 0 0 0 0 1 -2 
2 1 0 1 0 0 1 1 0 1 0 1 -2 
2 0 1 1 1 1 0 0 0 0 1 0 0 1 -2 
2 0 0 1 0 0 0 0 0 0 0 1 0 0 0 0 0 0 0 0 0 0 0 0 1 -2 
2 0 1 0 0 0 0 1 1 0 0 0 0 0 0 0 0 0 0 1 -2 
2 0 1 0 0 0 0 0 0 0 0 1 0 0 0 0 0 0 0 0 0 0 0 1 -2 
2 0 1 0 0 0 0 0 0 0 0 1 0 0 0 0 0 0 0 0 0 1 -2 
2 1 0 1 1 0 1 1 0 0 0 0 0 0 1 -2 
2 1 1 0 1 1 0 1 1 0 0 0 1 -2 
2 1 1 1 1 1 1 1 0 0 0 1 1 -2 
2 1 1 1 1 1 0 1 0 0 0 0 0 0 1 -2 
2 1 1 1 1 1 0 0 0 0 0 0 1 1 1 -2 
2 1 1 1 1 0 0 0 0 0 0 1 1 0 1 -2 
2 1 1 0 1 1 1 0 0 0 0 0 0 0 0 0 1 -2 
2 0 1 1 1 1 0 1 1 0 0 1 -2 
2 0 1 1 1 0 0 1 1 0 0 0 0 1 -2 
2 0 1 1 1 1 0 1 1 0 0 0 1 -2 
2 1 1 0 1 0 1 1 0 0 1 1 -2 
2 1 1 1 1 0 1 1 0 0 0 0 0 0 1 -2 
2 0 0 1 1 0 0 1 1 0 0 1 1 -2 
2 1 1 1 0 0 0 0 0 0 0 0 0 0 0 0 0 0 0 0 0 0 0 1 -2 
2 1 0 1 1 1 1 1 1 0 0 1 -2 
2 1 0 1 1 0 1 0 1 0 0 0 1 -2 
2 1 1 1 1 0 1 0 1 0 0 0 1 -2 
2 1 0 1 1 0 0 1 0 0 0 0 0 1 1 -2 
2 0 1 1 0 1 0 1 1 0 0 0 1 -2 
2 0 1 0 1 0 1 1 1 0 0 1 -2 
2 1 0 1 1 0 1 1 0 0 1 1 -2 
2 1 1 1 0 0 0 0 0 0 0 0 0 0 0 0 0 0 0 1 -2 
2 1 1 0 0 1 0 1 0 0 0 0 0 0 0 0 1 -2 
2 1 0 1 1 1 1 1 0 0 0 0 0 0 1 -2 
2 1 0 1 1 0 1 0 1 0 0 1 -2 
2 1 1 0 1 0 0 1 1 0 0 0 0 0 1 -2 
2 0 1 1 1 0 1 1 1 0 0 1 -2 
2 1 0 1 1 0 1 1 0 0 0 1 1 -2 
2 1 0 1 0 1 0 1 0 0 0 0 0 0 0 1 -2 
2 1 1 0 1 1 0 0 1 0 0 0 0 0 1 -2 
2 1 0 1 0 1 0 0 0 1 0 0 0 0 1 -2 
2 0 1 1 1 1 0 1 0 0 0 1 1 -2 
2 0 0 0 1 0 0 0 0 0 0 0 1 0 0 0 0 0 0 0 0 0 0 0 0 1 -2 
2 0 0 0 1 0 0 0 0 0 0 1 0 0 0 0 0 0 0 0 0 0 0 0 1 -2 
2 1 0 1 0 0 0 1 0 0 0 0 0 0 0 0 0 1 -2 
2 1 0 0 0 1 1 1 0 0 1 0 1 -2 
2 1 1 1 0 1 1 0 1 1 1 -2 
2 0 1 1 0 1 1 1 1 0 1 -2 
2 1 1 1 1 0 1 0 0 0 0 1 1 -2 
2 1 1 0 0 1 0 0 1 1 0 1 -2 
2 1 1 0 1 0 1 0 0 0 0 1 1 -2 
2 1 0 1 1 0 1 0 1 0 1 -2 
2 0 0 1 1 1 0 1 1 0 0 1 -2 
2 1 1 1 0 1 0 0 0 0 1 0 1 -2 
2 1 0 0 1 1 1 0 0 0 0 0 0 0 1 1 -2 
2 1 0 0 1 1 0 1 0 0 0 0 0 0 0 1 -2 
2 0 1 1 1 1 1 1 0 0 0 0 0 1 -2 
2 0 0 0 0 0 0 0 0 0 0 1 0 0 0 0 0 0 0 0 0 0 0 0 1 1 -2 
2 1 1 1 0 0 1 1 1 0 0 1 -2 
2 0 1 1 1 0 0 1 0 0 1 1 -2 
2 0 1 1 1 0 0 0 1 1 0 0 0 1 -2 
2 1 1 0 0 1 1 0 0 0 0 0 0 0 0 0 0 1 -2 
2 0 1 1 1 0 1 0 0 0 0 1 1 -2 
2 0 0 1 1 0 0 1 1 0 0 0 0 1 -2 
2 1 1 1 1 1 1 1 0 1 1 -2 
2 0 1 0 1 0 1 1 1 0 1 -2 
2 1 0 1 0 1 0 0 1 0 0 0 1 -2 
2 0 1 1 1 1 1 1 0 0 0 0 1 -2 
2 1 1 0 1 0 0 0 1 1 0 0 0 1 -2 
2 0 1 1 0 1 1 1 0 1 1 -2 
2 0 1 0 1 1 1 0 0 0 0 0 0 0 0 1 -2 
2 1 0 1 0 0 1 0 0 1 0 1 -2 
2 0 0 1 1 0 1 1 0 0 0 1 1 -2 
2 1 0 1 0 0 1 1 1 0 0 0 1 -2 
2 1 1 0 1 1 0 0 1 0 0 1 -2 
2 0 0 0 0 0 0 0 0 0 0 1 1 0 0 0 0 0 0 0 0 0 0 0 1 -2 
2 1 1 1 0 0 1 1 0 0 0 0 0 0 1 -2 
2 1 1 1 1 0 0 1 0 0 1 1 -2 
2 1 1 1 1 0 1 0 1 1 1 -2 
2 1 0 1 0 0 0 0 0 0 0 0 0 0 0 0 0 0 1 -2 
2 0 1 0 0 0 1 1 0 0 0 0 0 0 0 0 0 0 0 1 -2 
2 0 0 1 1 1 1 0 0 0 0 0 0 0 0 0 0 1 -2 
2 0 0 1 1 0 0 1 1 0 0 0 0 0 1 -2 
2 1 0 1 1 0 0 1 0 0 0 1 1 -2 
2 1 0 0 0 1 1 1 0 0 0 0 0 0 0 0 0 1 -2 
2 1 0 0 1 0 1 0 1 0 0 1 -2 
2 1 1 0 1 1 1 0 1 0 1 -2 
2 1 1 1 0 0 1 0 1 0 0 1 -2 
2 1 1 0 0 1 1 0 0 1 1 1 -2 
2 1 1 1 1 1 0 0 0 1 0 0 0 1 -2 
2 1 0 1 1 1 0 0 1 0 0 1 -2 
2 1 0 0 1 0 1 0 0 0 0 0 0 0 0 0 0 0 1 -2 
2 1 0 1 1 0 0 1 0 0 0 0 0 0 0 1 -2 
2 0 0 0 1 1 0 1 1 0 0 0 0 0 0 1 -2 
2 1 1 0 1 0 0 0 1 1 0 0 1 -2 
2 1 1 1 1 1 1 0 0 0 0 1 1 -2 
2 0 1 1 0 1 1 1 0 0 0 0 1 -2 
2 1 1 0 0 0 0 1 1 0 0 0 0 0 0 0 0 1 -2 
2 1 0 1 0 0 0 1 0 0 0 0 0 0 0 0 0 0 1 -2 
2 1 1 1 0 1 0 0 1 0 0 1 -2 
2 1 0 0 0 0 0 0 0 1 1 0 0 0 0 0 0 0 0 0 0 0 1 -2 
2 1 1 1 1 1 0 0 0 0 1 0 1 -2 
2 1 1 0 1 0 1 1 0 1 1 -2 
2 1 1 1 1 0 1 0 0 0 0 0 0 0 0 1 -2 
2 1 1 1 1 1 0 0 1 0 0 1 -2 
2 0 1 0 0 0 0 0 0 0 0 0 0 0 0 0 0 0 0 0 0 0 0 0 1 -2 
2 1 0 0 1 1 0 0 1 0 0 0 0 0 1 -2 
2 1 1 1 1 0 0 1 0 0 0 1 1 -2 
2 1 1 1 0 0 0 0 0 0 0 0 0 0 0 0 0 0 0 0 0 1 -2 
2 1 0 0 1 1 0 0 0 1 0 0 0 0 1 -2 
2 1 1 0 1 1 0 0 0 0 0 1 0 1 -2 
2 0 1 0 0 1 1 1 0 0 1 1 -2 
2 0 1 0 1 1 1 0 0 0 0 1 1 -2 
2 1 0 1 0 0 1 0 1 0 0 1 -2 
2 0 1 1 0 1 0 0 0 1 0 0 1 -2 
2 1 0 0 0 0 0 0 0 0 0 1 0 0 0 0 0 0 0 0 0 0 0 0 1 -2 
2 1 0 0 1 0 1 1 1 0 0 1 -2 
2 0 1 1 1 0 0 0 1 0 0 1 1 -2 
2 0 1 1 0 0 1 0 0 0 0 0 0 0 0 0 1 -2 
2 0 1 1 0 1 1 0 1 0 1 -2 
2 0 1 0 0 1 1 0 0 0 0 0 0 0 0 0 0 1 -2 
2 0 0 1 0 1 0 1 0 0 0 0 0 0 0 1 -2 
2 0 0 1 0 1 1 0 0 1 0 1 -2 
2 1 1 1 0 0 1 1 1 0 0 0 1 -2 
2 1 1 0 1 0 0 1 0 0 0 0 0 0 1 -2 
2 1 1 0 0 1 0 0 1 0 0 0 0 0 1 -2 
2 1 1 0 0 1 0 1 1 0 0 0 1 -2 
2 0 1 1 1 0 0 0 0 1 0 0 1 -2 
2 1 0 0 1 0 0 0 1 1 0 0 0 1 -2 
2 1 0 1 1 0 1 0 0 0 1 1 -2 
2 0 0 0 0 0 0 0 0 0 0 0 0 0 0 0 0 0 0 0 0 0 0 0 0 0 0 0 1 -2 
2 1 0 1 0 1 0 1 0 0 0 1 -2 
2 0 0 1 0 0 0 0 0 0 0 0 0 0 0 0 0 0 1 -2 
2 0 0 1 1 1 1 0 1 0 1 -2 
2 1 0 1 0 0 0 1 1 0 0 0 0 1 -2 
2 1 1 1 1 1 1 0 0 0 0 0 0 1 -2 
2 1 1 0 0 0 0 0 0 0 0 0 0 0 0 0 0 0 0 0 0 1 -2 
2 0 1 0 1 0 0 1 0 0 0 0 1 -2 
2 0 1 1 1 1 0 0 0 0 0 0 0 0 0 1 -2 
2 0 1 1 1 1 1 0 0 0 1 1 -2 
2 0 1 0 0 0 0 0 0 0 0 0 0 0 0 0 0 0 0 0 0 1 -2 
2 1 1 1 0 0 1 1 1 0 1 -2 
2 0 0 1 0 0 1 0 0 0 0 0 0 0 0 0 1 -2 
2 1 1 0 1 0 0 1 0 1 1 -2 
2 1 1 1 0 0 0 1 0 1 0 1 -2 
2 0 1 1 0 0 1 1 0 1 1 -2 
2 0 1 1 1 0 0 1 0 0 0 0 0 1 -2 
2 0 1 0 1 0 0 0 0 1 0 0 1 -2 
2 0 1 1 1 1 1 0 0 0 0 0 0 1 -2 
2 1 0 1 1 0 0 1 0 1 1 -2 
2 0 1 1 1 1 0 1 0 0 1 -2 
2 1 1 1 0 0 0 1 1 0 0 0 0 0 1 -2 
2 0 1 1 1 0 1 0 0 0 1 1 -2 
2 1 1 0 1 1 1 1 0 0 1 -2 
2 1 1 0 1 0 0 1 0 0 0 0 0 1 -2 
2 1 1 0 1 1 1 0 0 0 0 0 0 1 -2 
2 1 1 1 0 1 0 0 0 0 0 0 0 0 0 1 -2 
2 1 1 1 1 1 0 0 0 0 0 0 0 0 0 0 0 1 -2 
2 0 0 0 0 1 1 0 1 0 0 0 0 0 0 0 1 -2 
2 1 1 1 1 0 0 0 1 0 0 0 0 1 -2 
2 0 0 0 0 0 0 0 0 0 0 0 0 0 0 0 0 0 0 0 0 0 0 0 0 0 1 -2 
2 1 0 1 0 1 0 1 0 0 1 -2 
2 0 1 1 0 0 1 0 1 0 1 -2 
2 1 1 0 0 1 0 1 0 0 0 0 0 1 -2 
2 0 0 1 0 1 0 1 0 0 0 0 0 1 -2 
2 1 1 0 1 0 1 0 0 1 1 -2 
2 0 1 1 1 0 0 1 0 0 0 0 1 -2 
2 0 1 1 0 0 0 0 1 0 0 1 1 -2 
2 0 0 1 1 0 1 1 1 0 1 -2 
2 0 0 1 1 0 1 1 0 0 0 0 1 -2 
2 0 1 1 0 1 1 1 0 0 0 1 -2 
2 0 1 0 0 1 0 1 0 0 0 0 0 1 -2 
2 0 1 0 1 1 0 0 0 1 0 1 -2 
2 1 0 1 0 1 0 0 0 0 0 0 0 0 0 0 1 -2 
2 1 1 0 1 1 0 0 0 0 0 0 0 0 0 1 -2 
2 1 0 0 0 0 1 1 0 0 0 0 0 0 0 0 0 0 1 -2 
2 0 0 1 1 0 1 0 0 0 0 1 1 -2 
2 0 0 1 0 1 0 1 0 0 0 0 1 -2 
2 0 1 0 1 0 0 0 0 0 0 0 0 0 0 0 0 0 1 -2 
2 1 0 0 1 0 0 1 1 0 0 0 1 -2 
2 0 1 1 1 1 0 0 1 0 1 -2 
2 0 1 0 0 0 0 1 0 0 0 0 0 0 0 0 0 1 -2 
2 1 0 1 0 1 1 1 0 0 0 1 -2 
2 1 0 0 1 0 0 1 0 0 0 0 0 0 1 -2 
2 1 0 0 1 1 0 1 0 0 0 0 1 -2 
2 1 0 0 1 0 0 0 0 1 0 0 0 0 0 1 -2 
2 1 0 1 1 1 0 1 0 0 0 1 -2 
2 0 1 0 0 0 0 0 0 0 0 0 0 0 0 0 0 0 1 -2 
2 1 1 0 0 1 0 1 1 0 1 -2 
2 1 0 0 1 1 0 1 0 0 0 0 0 1 -2 
2 1 1 0 0 0 0 1 0 0 0 0 0 0 0 0 0 0 0 0 1 -2 
2 1 0 1 1 1 1 0 0 0 0 0 0 0 1 -2 
2 1 0 1 0 1 1 0 0 0 0 0 0 0 1 -2 
2 1 1 1 0 1 0 1 0 0 0 1 -2 
2 1 1 0 1 0 1 1 0 0 1 -2 
2 0 1 1 1 1 1 0 0 0 0 0 0 0 1 -2 
2 0 1 0 1 0 1 0 0 1 1 -2 
2 1 0 0 0 0 0 0 0 0 1 0 0 0 0 0 0 0 0 0 0 0 1 -2 
2 1 1 1 0 0 1 0 0 0 0 0 0 0 0 1 -2 
2 0 1 0 0 0 0 0 1 0 0 0 0 0 0 0 0 0 0 0 0 1 -2 
2 0 1 1 0 1 1 0 0 1 1 -2 
2 1 1 1 0 0 0 0 1 0 0 1 1 -2 
2 1 1 1 0 0 1 0 0 0 0 0 1 1 -2 
2 0 1 1 0 0 1 1 0 0 0 0 0 1 -2 
2 0 1 1 0 1 0 1 0 0 1 -2 
2 0 1 1 0 1 0 0 0 0 0 0 1 1 -2 
2 1 1 0 0 0 0 1 0 0 0 0 0 0 0 0 0 1 -2 
2 1 0 1 0 1 0 0 0 0 0 0 0 0 0 1 -2 
2 1 0 1 1 0 0 0 0 0 1 0 0 0 1 -2 
2 0 0 0 1 1 0 0 0 0 0 0 0 0 0 0 0 0 0 0 0 0 1 -2 
2 1 1 0 1 0 1 0 0 0 0 0 0 0 1 -2 
2 1 0 0 1 0 0 1 0 0 1 1 -2 
2 1 0 1 0 1 0 0 1 0 1 -2 
2 1 0 1 1 1 0 0 1 0 1 -2 
2 1 0 1 1 0 0 1 1 0 1 -2 
2 0 1 0 0 1 0 1 0 0 0 0 1 -2 
2 1 0 0 1 0 1 0 0 0 0 0 1 1 -2 
2 1 1 0 1 1 0 0 1 1 1 -2 
2 0 0 0 1 1 0 1 1 0 0 0 0 0 1 -2 
2 1 1 1 1 1 0 0 1 1 1 -2 
2 1 0 1 0 1 0 0 0 0 0 0 0 0 0 0 0 1 -2 
2 1 1 1 1 0 0 0 1 0 0 1 -2 
2 1 1 1 0 0 0 1 0 0 0 0 0 0 1 -2 
2 0 1 0 1 0 1 1 0 1 -2 
2 0 0 1 0 1 1 1 0 0 0 1 -2 
2 0 1 0 1 1 0 0 0 0 0 1 1 -2 
2 0 0 1 1 1 0 1 0 0 0 1 -2 
2 0 1 1 0 0 0 1 1 0 0 0 1 -2 
2 1 0 0 1 0 0 0 0 0 0 0 0 0 0 0 0 0 1 -2 
2 0 1 0 0 0 0 1 1 0 0 0 0 1 -2 
2 1 0 1 1 0 1 1 1 1 -2 
2 1 0 0 0 0 0 0 0 0 0 0 0 0 0 0 0 0 0 0 0 0 1 -2 
2 0 1 1 1 1 1 1 1 1 -2 
2 1 0 1 0 0 1 0 0 1 1 -2 
2 0 0 0 0 0 0 0 0 0 0 0 1 0 0 0 0 0 0 0 0 0 0 0 1 -2 
2 0 1 0 0 0 1 1 1 0 0 1 -2 
2 1 0 1 0 0 0 1 1 0 0 1 -2 
2 0 0 1 1 1 1 0 0 0 0 0 0 1 -2 
2 0 0 1 0 0 0 0 1 1 0 0 0 1 -2 
2 1 0 1 1 0 0 0 0 1 0 1 -2 
2 0 0 0 0 0 0 1 1 0 0 0 0 0 0 0 0 0 0 1 -2 
2 1 1 0 1 0 0 0 1 0 0 0 1 -2 
2 0 1 1 1 1 0 0 0 0 0 0 0 0 1 -2 
2 1 1 0 0 1 1 0 0 0 0 0 0 0 1 -2 
2 1 1 1 1 1 0 0 0 0 0 1 1 -2 
2 1 1 1 0 0 0 0 1 0 0 0 0 0 1 -2 
2 0 1 1 0 0 0 0 1 0 1 1 -2 
2 1 1 1 0 0 0 0 1 0 0 0 0 1 -2 
2 0 0 1 0 0 1 1 0 0 0 0 0 1 -2 
2 0 0 0 0 0 0 0 0 0 1 0 0 0 0 0 0 0 0 0 0 0 1 -2 
2 0 1 1 0 1 0 0 0 0 0 0 0 0 1 -2 
2 1 1 0 0 1 1 0 0 1 1 -2 
2 1 1 0 0 0 1 1 0 0 0 1 1 -2 
2 0 1 0 0 1 0 0 0 0 0 0 1 1 -2 
2 0 0 1 1 0 0 0 0 1 0 0 0 1 -2 
2 1 1 0 0 0 0 0 0 0 0 0 0 0 0 0 0 1 -2 
2 0 1 0 0 0 1 0 0 0 0 0 0 0 0 0 0 1 -2 
2 0 0 0 1 1 0 1 1 0 0 0 1 -2 
2 1 0 0 0 1 1 0 0 0 0 0 0 0 0 0 0 1 -2 
2 1 0 1 0 0 1 0 0 0 1 1 -2 
2 0 0 0 1 0 1 1 0 0 0 1 1 -2 
2 1 0 0 1 1 0 0 0 0 0 0 0 0 0 1 -2 
2 0 1 0 1 1 0 0 0 0 1 1 -2 
2 0 1 0 1 0 0 0 1 0 0 0 1 -2 
2 0 0 1 1 0 1 0 0 0 0 0 0 1 -2 
2 1 0 0 1 0 0 0 1 0 0 0 0 0 1 -2 
2 0 1 0 0 0 1 0 0 0 0 0 0 0 0 0 1 -2 
2 0 1 0 0 1 1 0 0 1 1 -2 
2 0 0 1 1 0 1 0 0 0 0 0 0 0 1 -2 
2 1 1 0 0 1 0 0 0 0 0 0 0 0 0 0 0 1 -2 
2 0 0 1 1 0 0 1 0 0 0 0 0 1 -2 
2 0 1 1 0 0 0 1 1 0 0 1 -2 
2 1 0 1 0 0 0 0 0 1 0 0 0 0 1 -2 
2 1 0 0 1 0 0 0 0 1 0 0 0 1 -2 
2 0 0 1 1 1 1 0 0 0 0 0 0 0 1 -2 
2 1 1 0 1 1 0 0 0 0 0 0 0 0 1 -2 
2 1 0 0 0 0 0 0 0 1 0 0 0 0 0 0 0 0 0 0 0 0 1 -2 
2 0 0 1 0 1 1 0 0 0 1 1 -2 
2 0 0 0 1 1 1 0 1 0 0 0 1 -2 
2 1 1 0 1 1 0 0 0 0 1 1 -2 
2 1 1 0 0 0 1 1 1 0 0 0 1 -2 
2 1 0 1 1 0 1 0 1 1 -2 
2 1 0 0 1 0 1 0 0 0 0 0 0 1 -2 
2 1 1 0 1 0 0 0 0 0 1 0 1 -2 
2 0 0 1 1 1 1 1 0 0 0 1 -2 
2 0 1 0 1 1 1 0 0 0 0 1 -2 
2 0 0 0 0 0 0 0 1 1 0 0 0 0 0 0 0 0 0 1 -2 
2 0 0 1 1 1 0 1 1 1 -2 
2 1 0 0 0 0 0 1 0 0 0 0 0 0 0 0 0 0 1 -2 
2 0 0 0 1 1 0 0 0 0 0 1 1 1 -2 
2 0 0 0 0 1 1 0 0 0 0 0 0 0 0 0 0 0 1 -2 
2 0 0 0 0 0 0 0 0 0 0 0 0 0 0 0 0 0 0 1 1 -2 
2 1 0 0 0 1 0 0 0 0 0 1 1 1 -2 
2 1 1 0 0 0 1 0 0 0 0 1 1 -2 
2 0 0 1 1 1 0 0 0 0 0 1 1 -2 
2 1 1 1 1 0 0 0 0 0 0 0 0 0 1 -2 
2 1 1 0 0 0 0 0 0 1 0 0 0 0 1 -2 
2 0 0 0 1 1 1 0 1 0 1 -2 
2 0 0 1 0 1 0 0 0 0 1 1 -2 
2 1 1 0 0 0 1 1 1 0 1 -2 
2 1 0 1 1 0 0 0 1 0 1 -2 
2 0 1 0 1 0 0 0 0 0 0 0 0 0 1 -2 
2 1 0 0 1 1 0 0 0 0 1 1 -2 
2 0 1 0 1 0 0 0 0 0 0 0 0 0 0 1 -2 
2 1 1 1 0 1 0 0 0 0 0 0 0 1 -2 
2 0 1 0 0 1 1 1 1 1 -2 
2 0 0 1 0 0 0 1 0 0 1 1 -2 
2 1 1 0 1 0 0 0 0 0 0 0 0 0 1 -2 
2 1 1 1 1 0 0 0 1 0 1 -2 
2 0 1 0 1 1 0 0 0 0 0 0 0 1 -2 
2 1 1 1 0 0 0 0 0 1 0 0 0 1 -2 
2 0 1 1 1 0 0 0 0 0 0 1 1 -2 
2 1 0 0 0 0 1 1 1 0 0 1 -2 
2 1 1 0 1 0 0 0 1 1 1 -2 
2 0 0 1 1 0 1 0 0 0 0 0 1 -2 
2 1 0 0 0 0 0 0 0 0 0 0 0 0 0 0 0 1 -2 
2 1 1 1 1 0 0 0 0 0 0 0 0 0 0 1 -2 
2 0 1 0 0 1 1 0 0 0 0 0 1 -2 
2 1 0 0 0 1 1 1 0 0 0 0 1 -2 
2 1 0 0 0 1 1 0 1 0 1 -2 
2 1 0 0 1 1 0 0 0 0 0 0 0 0 1 -2 
2 0 1 1 0 0 0 0 0 0 0 0 0 0 0 0 0 1 -2 
2 0 1 0 1 0 0 0 0 0 0 0 1 1 -2 
2 0 1 1 0 1 0 0 0 0 0 0 0 1 -2 
2 0 0 0 1 0 0 1 1 0 0 0 1 -2 
2 0 1 1 0 0 1 0 1 1 -2 
2 1 1 0 0 0 1 0 0 0 0 0 0 0 0 1 -2 
2 1 1 1 0 0 1 0 1 1 -2 
2 1 0 0 0 0 1 0 0 0 0 0 0 0 0 0 1 -2 
2 0 1 0 0 0 0 0 0 0 0 0 0 0 0 0 1 1 -2 
2 0 0 0 1 0 0 0 1 1 0 0 1 -2 
2 0 1 1 0 0 0 0 0 0 1 0 1 -2 
2 0 1 1 0 0 0 0 1 0 0 1 -2 
2 1 0 1 0 0 1 0 0 0 0 0 1 -2 
2 1 1 0 0 0 1 1 0 0 0 0 0 1 -2 
2 1 0 1 0 0 0 0 1 0 0 0 1 -2 
2 1 0 1 0 0 0 1 1 0 1 -2 
2 0 0 0 0 0 1 1 0 0 0 0 0 0 0 0 1 -2 
2 1 1 1 0 0 0 0 0 1 0 1 -2 
2 0 0 0 0 0 0 0 0 0 1 0 0 0 0 0 0 0 1 -2 
2 0 0 1 1 1 0 0 0 1 1 -2 
2 0 0 1 1 0 0 0 0 0 0 0 0 0 1 -2 
2 0 1 0 0 0 0 0 0 0 0 0 0 0 0 0 0 0 0 1 -2 
2 0 1 1 0 0 0 0 0 1 0 1 -2 
2 0 0 0 0 0 0 0 1 0 0 0 0 0 0 0 0 0 1 -2 
2 0 1 1 0 0 0 0 1 1 1 -2 
2 1 0 0 0 1 1 0 0 1 1 -2 
2 0 0 0 0 0 0 1 0 0 0 0 0 0 0 0 0 0 1 -2 
2 0 0 1 0 0 0 1 0 0 0 0 0 1 -2 
2 1 1 0 0 0 1 0 0 0 1 1 -2 
2 1 1 0 1 0 0 0 0 0 1 1 -2 
2 0 1 1 0 0 0 0 0 0 0 0 1 1 -2 
2 1 0 0 0 0 1 1 0 0 0 0 0 1 -2 
2 0 0 0 0 0 0 1 0 0 0 0 0 0 0 0 0 0 0 1 -2 
2 0 1 0 0 1 0 0 0 1 1 -2 
2 0 0 0 0 1 1 0 0 0 0 0 0 0 0 1 -2 
2 1 1 0 0 0 0 0 0 1 0 0 0 1 -2 
2 0 0 0 1 1 1 0 0 0 0 0 0 0 1 -2 
2 0 0 0 1 1 0 0 0 0 0 0 0 0 0 0 1 -2 
2 0 0 0 1 0 0 1 0 0 0 0 1 -2 
2 1 0 0 0 0 1 1 0 1 1 -2 
2 0 0 1 1 0 0 0 0 0 0 0 1 1 -2 
2 1 1 0 0 0 0 0 1 0 0 0 0 0 1 -2 
2 1 0 0 0 1 0 1 0 0 1 -2 
2 1 0 0 0 0 0 1 1 0 0 0 0 0 1 -2 
2 0 1 0 0 0 1 0 0 1 1 -2 
2 0 1 1 1 0 0 0 0 0 0 0 0 1 -2 
2 1 1 0 0 0 1 1 0 0 0 1 -2 
2 0 0 0 0 0 0 0 1 0 0 0 0 0 0 0 0 0 0 1 -2 
2 0 0 0 1 1 1 1 0 0 1 -2 
